1 0.8336
2 0.83376
3 0.83393
4 0.8341
5 0.83426
6 0.83443
7 0.8346
8 0.83476
9 0.83493
10 0.8351
11 0.83527
12 0.83543
13 0.8356
14 0.83577
15 0.83594
16 0.83611
17 0.83628
18 0.83645
19 0.83609
20 0.83627
21 0.83645
22 0.83662
23 0.8368
24 0.83698
25 0.83716
26 0.83734
27 0.83752
28 0.8377
29 0.83788
30 0.83806
31 0.83772
32 0.8379
33 0.83808
34 0.83826
35 0.83844
36 0.83863
37 0.83881
38 0.839
39 0.83918
40 0.83936
41 0.83955
42 0.83974
43 0.83992
44 0.84011
45 0.8403
46 0.84048
47 0.84067
48 0.84086
49 0.8406
50 0.84079
51 0.84098
52 0.84117
53 0.84136
54 0.84155
55 0.84174
56 0.84193
57 0.84213
58 0.84232
59 0.84251
60 0.8427
61 0.8429
62 0.84309
63 0.84329
64 0.84348
65 0.84367
66 0.84387
67 0.84364
68 0.84384
69 0.84403
70 0.84423
71 0.84443
72 0.84462
73 0.84482
74 0.84502
75 0.84522
76 0.84542
77 0.84561
78 0.84581
79 0.84601
80 0.84621
81 0.84641
82 0.84661
83 0.84681
84 0.84701
85 0.84721
86 0.84741
87 0.84761
88 0.8478
89 0.848
90 0.8482
91 0.84811
92 0.84831
93 0.84851
94 0.84871
95 0.84891
96 0.84911
97 0.84932
98 0.84952
99 0.84972
100 0.84992
101 0.85012
102 0.85033
103 0.85053
104 0.85073
105 0.85093
106 0.85114
107 0.85134
108 0.85154
109 0.85175
110 0.85195
111 0.85215
112 0.85236
113 0.85256
114 0.85276
115 0.85297
116 0.85291
117 0.85311
118 0.85332
119 0.85352
120 0.85372
121 0.85393
122 0.85413
123 0.85434
124 0.85454
125 0.85475
126 0.85495
127 0.85516
128 0.85536
129 0.85557
130 0.85578
131 0.85598
132 0.85619
133 0.85639
134 0.8566
135 0.8568
136 0.85701
137 0.85722
138 0.85742
139 0.85763
140 0.85783
141 0.85804
142 0.85801
143 0.85821
144 0.85842
145 0.85862
146 0.85883
147 0.85904
148 0.85924
149 0.85945
150 0.85966
151 0.85986
152 0.86007
153 0.86028
154 0.86048
155 0.86069
156 0.8609
157 0.8611
158 0.86131
159 0.86152
160 0.86173
161 0.86193
162 0.86214
163 0.86235
164 0.86255
165 0.86276
166 0.86297
167 0.86317
168 0.86323
169 0.86344
170 0.86364
171 0.86385
172 0.86405
173 0.86426
174 0.86447
175 0.86467
176 0.86488
177 0.86509
178 0.8653
179 0.8655
180 0.86571
181 0.86592
182 0.86612
183 0.86633
184 0.86654
185 0.86674
186 0.86695
187 0.86716
188 0.86736
189 0.86757
190 0.86778
191 0.86798
192 0.86819
193 0.8684
194 0.8686
195 0.86881
196 0.86902
197 0.86922
198 0.86943
199 0.86964
200 0.86984
201 0.87005
202 0.87026
203 0.87046
204 0.87067
205 0.87087
206 0.87108
207 0.87129
208 0.87149
209 0.8717
210 0.87191
211 0.87211
212 0.87232
213 0.87252
214 0.87273
215 0.87293
216 0.87314
217 0.87335
218 0.87355
219 0.87376
220 0.87396
221 0.87417
222 0.8743
223 0.8745
224 0.87471
225 0.87491
226 0.87512
227 0.87532
228 0.87553
229 0.87573
230 0.87594
231 0.87614
232 0.87635
233 0.87655
234 0.87676
235 0.87696
236 0.87717
237 0.87737
238 0.87758
239 0.87778
240 0.87799
241 0.87819
242 0.8784
243 0.8786
244 0.87881
245 0.87901
246 0.87922
247 0.87942
248 0.87963
249 0.87983
250 0.88003
251 0.88024
252 0.88044
253 0.88065
254 0.88085
255 0.88106
256 0.88126
257 0.88146
258 0.88167
259 0.88187
260 0.88207
261 0.88228
262 0.88248
263 0.88269
264 0.88289
265 0.88309
266 0.8833
267 0.8835
268 0.8837
269 0.88391
270 0.88411
271 0.88431
272 0.88452
273 0.88472
274 0.88492
275 0.88512
276 0.88533
277 0.88553
278 0.88573
279 0.88593
280 0.88614
281 0.88634
282 0.88654
283 0.88674
284 0.88695
285 0.88715
286 0.88735
287 0.88755
288 0.88775
289 0.88796
290 0.88816
291 0.88836
292 0.88856
293 0.88876
294 0.88896
295 0.88916
296 0.88937
297 0.88957
298 0.88977
299 0.88997
300 0.89017
301 0.89037
302 0.89057
303 0.89077
304 0.89097
305 0.89117
306 0.89137
307 0.89158
308 0.89178
309 0.89198
310 0.89218
311 0.89238
312 0.89258
313 0.89278
314 0.89298
315 0.89318
316 0.89338
317 0.89358
318 0.89377
319 0.89397
320 0.89417
321 0.89437
322 0.89457
323 0.89477
324 0.89497
325 0.89517
326 0.89537
327 0.89565
328 0.89585
329 0.89605
330 0.89624
331 0.89644
332 0.89664
333 0.89684
334 0.89704
335 0.89724
336 0.89743
337 0.89763
338 0.89783
339 0.89803
340 0.89823
341 0.89842
342 0.89862
343 0.89882
344 0.89902
345 0.89921
346 0.89941
347 0.89961
348 0.89981
349 0.9
350 0.9002
351 0.9004
352 0.9006
353 0.90079
354 0.90099
355 0.90119
356 0.90138
357 0.90158
358 0.90178
359 0.90197
360 0.90217
361 0.90237
362 0.90256
363 0.90276
364 0.90295
365 0.90315
366 0.90335
367 0.90354
368 0.90374
369 0.90393
370 0.90413
371 0.90432
372 0.90452
373 0.90472
374 0.90491
375 0.90511
376 0.9053
377 0.9055
378 0.90569
379 0.90589
380 0.90608
381 0.90627
382 0.90647
383 0.90666
384 0.90686
385 0.90705
386 0.90725
387 0.90744
388 0.90763
389 0.90783
390 0.90802
391 0.90822
392 0.90841
393 0.9086
394 0.9088
395 0.90899
396 0.90918
397 0.90938
398 0.90957
399 0.90976
400 0.90995
401 0.91015
402 0.91034
403 0.91053
404 0.91073
405 0.91092
406 0.91111
407 0.9113
408 0.91149
409 0.91169
410 0.91188
411 0.91207
412 0.91226
413 0.91245
414 0.91264
415 0.91284
416 0.91303
417 0.91322
418 0.91341
419 0.9136
420 0.91379
421 0.91398
422 0.91417
423 0.91436
424 0.91455
425 0.91474
426 0.91494
427 0.91513
428 0.91532
429 0.91551
430 0.9157
431 0.91589
432 0.91607
433 0.91626
434 0.91645
435 0.91664
436 0.91683
437 0.91702
438 0.91721
439 0.9174
440 0.91759
441 0.91778
442 0.91797
443 0.91816
444 0.91834
445 0.91853
446 0.91872
447 0.91891
448 0.9191
449 0.91928
450 0.91947
451 0.91966
452 0.91985
453 0.92004
454 0.92022
455 0.92041
456 0.9206
457 0.92078
458 0.92097
459 0.92116
460 0.92134
461 0.92153
462 0.92172
463 0.9219
464 0.92209
465 0.92228
466 0.92246
467 0.92265
468 0.92283
469 0.92302
470 0.92321
471 0.92339
472 0.92358
473 0.92376
474 0.92395
475 0.92413
476 0.92432
477 0.9245
478 0.92469
479 0.92487
480 0.92506
481 0.92524
482 0.92543
483 0.92561
484 0.92579
485 0.92598
486 0.92616
487 0.92634
488 0.92653
489 0.92671
490 0.9269
491 0.92708
492 0.92726
493 0.92744
494 0.92763
495 0.92781
496 0.92799
497 0.92818
498 0.92836
499 0.92854
500 0.92872
501 0.9289
502 0.92909
503 0.92927
504 0.92945
505 0.92963
506 0.92981
507 0.92999
508 0.93047
509 0.93065
510 0.93083
511 0.93101
512 0.93119
513 0.93137
514 0.93155
515 0.93173
516 0.93191
517 0.93209
518 0.93227
519 0.93245
520 0.93263
521 0.93281
522 0.93299
523 0.93317
524 0.93335
525 0.93353
526 0.9337
527 0.93388
528 0.93406
529 0.93424
530 0.93442
531 0.9346
532 0.93478
533 0.93495
534 0.93513
535 0.93531
536 0.93549
537 0.93566
538 0.93584
539 0.93602
540 0.9362
541 0.93637
542 0.93655
543 0.93673
544 0.9369
545 0.93708
546 0.93726
547 0.93743
548 0.93761
549 0.93779
550 0.93796
551 0.93814
552 0.93831
553 0.93849
554 0.93866
555 0.93884
556 0.93901
557 0.93919
558 0.93936
559 0.93954
560 0.93971
561 0.93989
562 0.94006
563 0.94023
564 0.94041
565 0.94058
566 0.94076
567 0.94093
568 0.9411
569 0.94128
570 0.94145
571 0.94162
572 0.94179
573 0.94197
574 0.94214
575 0.94231
576 0.94248
577 0.94266
578 0.94283
579 0.943
580 0.94317
581 0.94334
582 0.94351
583 0.94369
584 0.94386
585 0.94403
586 0.9442
587 0.94437
588 0.94454
589 0.94471
590 0.94488
591 0.94505
592 0.94522
593 0.94539
594 0.94556
595 0.94573
596 0.9459
597 0.94607
598 0.94623
599 0.9464
600 0.94657
601 0.94674
602 0.94691
603 0.94708
604 0.94724
605 0.94741
606 0.94758
607 0.94775
608 0.94791
609 0.94808
610 0.94825
611 0.94842
612 0.94858
613 0.94875
614 0.94892
615 0.94908
616 0.94925
617 0.94941
618 0.94958
619 0.94974
620 0.94991
621 0.95008
622 0.95024
623 0.95041
624 0.95057
625 0.95073
626 0.9509
627 0.95106
628 0.95123
629 0.95139
630 0.95155
631 0.95172
632 0.95188
633 0.95204
634 0.95221
635 0.95237
636 0.95253
637 0.9527
638 0.95286
639 0.95302
640 0.95318
641 0.95334
642 0.95351
643 0.95367
644 0.95383
645 0.95399
646 0.95415
647 0.95431
648 0.95447
649 0.95463
650 0.95479
651 0.95495
652 0.95511
653 0.95527
654 0.95543
655 0.95559
656 0.95575
657 0.95591
658 0.95607
659 0.95623
660 0.95639
661 0.95654
662 0.9567
663 0.95686
664 0.95702
665 0.95718
666 0.95733
667 0.95749
668 0.95765
669 0.9578
670 0.95796
671 0.95812
672 0.95827
673 0.95843
674 0.95859
675 0.95874
676 0.9589
677 0.95905
678 0.95921
679 0.95936
680 0.95952
681 0.95967
682 0.95983
683 0.95998
684 0.96013
685 0.96029
686 0.96044
687 0.96059
688 0.96075
689 0.9609
690 0.96105
691 0.96121
692 0.96136
693 0.96151
694 0.96166
695 0.96181
696 0.96197
697 0.96212
698 0.96227
699 0.96242
700 0.96257
701 0.96272
702 0.96287
703 0.96302
704 0.96317
705 0.96332
706 0.96347
707 0.96362
708 0.96377
709 0.96392
710 0.96407
711 0.96422
712 0.96436
713 0.96451
714 0.96466
715 0.96481
716 0.96496
717 0.9651
718 0.96525
719 0.9654
720 0.96554
721 0.96569
722 0.96584
723 0.96598
724 0.96613
725 0.96627
726 0.96642
727 0.96656
728 0.96671
729 0.96685
730 0.967
731 0.96714
732 0.96729
733 0.96743
734 0.96757
735 0.96772
736 0.96786
737 0.968
738 0.96815
739 0.96829
740 0.96843
741 0.96857
742 0.96872
743 0.96886
744 0.969
745 0.96914
746 0.96928
747 0.96942
748 0.96956
749 0.9697
750 0.96984
751 0.96998
752 0.97012
753 0.97026
754 0.9704
755 0.97054
756 0.97068
757 0.97082
758 0.97095
759 0.97109
760 0.97123
761 0.97137
762 0.9715
763 0.97164
764 0.97178
765 0.97191
766 0.97205
767 0.97219
768 0.97232
769 0.97246
770 0.97259
771 0.97273
772 0.97286
773 0.973
774 0.97313
775 0.97326
776 0.9734
777 0.97353
778 0.97383
779 0.97396
780 0.9741
781 0.97423
782 0.97436
783 0.97449
784 0.97462
785 0.97476
786 0.97489
787 0.97502
788 0.97515
789 0.97528
790 0.97541
791 0.97554
792 0.97567
793 0.9758
794 0.97593
795 0.97606
796 0.97619
797 0.97631
798 0.97644
799 0.97657
800 0.9767
801 0.97683
802 0.97695
803 0.97708
804 0.97721
805 0.97733
806 0.97746
807 0.97759
808 0.97771
809 0.97784
810 0.97796
811 0.97809
812 0.97821
813 0.97834
814 0.97846
815 0.97858
816 0.97871
817 0.97883
818 0.97895
819 0.97908
820 0.9792
821 0.97932
822 0.97944
823 0.97956
824 0.97969
825 0.97981
826 0.97993
827 0.98005
828 0.98017
829 0.98029
830 0.98041
831 0.98053
832 0.98065
833 0.98076
834 0.98088
835 0.981
836 0.98112
837 0.98124
838 0.98135
839 0.98147
840 0.98159
841 0.9817
842 0.98182
843 0.98194
844 0.98205
845 0.98217
846 0.98228
847 0.9824
848 0.98251
849 0.98262
850 0.98274
851 0.98285
852 0.98296
853 0.98308
854 0.98319
855 0.9833
856 0.98341
857 0.98352
858 0.98364
859 0.98375
860 0.98386
861 0.98397
862 0.98408
863 0.98419
864 0.9843
865 0.98441
866 0.98451
867 0.98462
868 0.98473
869 0.98484
870 0.98495
871 0.98505
872 0.98516
873 0.98527
874 0.98537
875 0.98548
876 0.98559
877 0.98569
878 0.9858
879 0.9859
880 0.986
881 0.98611
882 0.98621
883 0.98631
884 0.98642
885 0.98652
886 0.98662
887 0.98672
888 0.98683
889 0.98693
890 0.98703
891 0.98713
892 0.98723
893 0.98733
894 0.98743
895 0.98753
896 0.98763
897 0.98773
898 0.98782
899 0.98792
900 0.98802
901 0.98812
902 0.98821
903 0.98831
904 0.98841
905 0.9885
906 0.9886
907 0.98869
908 0.98879
909 0.98888
910 0.98898
911 0.98907
912 0.98916
913 0.98926
914 0.98935
915 0.98944
916 0.98953
917 0.98962
918 0.98972
919 0.98981
920 0.9899
921 0.98999
922 0.99008
923 0.99017
924 0.99025
925 0.99034
926 0.99043
927 0.99052
928 0.99061
929 0.99069
930 0.99078
931 0.99087
932 0.99095
933 0.99104
934 0.99112
935 0.9913
936 0.99139
937 0.99147
938 0.99155
939 0.99164
940 0.99172
941 0.9918
942 0.99188
943 0.99196
944 0.99205
945 0.99213
946 0.99221
947 0.99229
948 0.99237
949 0.99245
950 0.99253
951 0.9926
952 0.99268
953 0.99276
954 0.99284
955 0.99292
956 0.99299
957 0.99307
958 0.99315
959 0.99322
960 0.9933
961 0.99337
962 0.99345
963 0.99352
964 0.99359
965 0.99367
966 0.99374
967 0.99381
968 0.99389
969 0.99396
970 0.99403
971 0.9941
972 0.99417
973 0.99424
974 0.99431
975 0.99438
976 0.99445
977 0.99452
978 0.99458
979 0.99465
980 0.99472
981 0.99479
982 0.99485
983 0.99492
984 0.99499
985 0.99505
986 0.99512
987 0.99518
988 0.99524
989 0.99531
990 0.99537
991 0.99543
992 0.9955
993 0.99556
994 0.99562
995 0.99568
996 0.99574
997 0.9958
998 0.99586
999 0.99592
1000 0.99598
1001 0.99604
1002 0.9961
1003 0.99615
1004 0.99621
1005 0.99627
1006 0.99632
1007 0.99638
1008 0.99644
1009 0.99649
1010 0.99655
1011 0.9966
1012 0.99665
1013 0.99671
1014 0.99676
1015 0.99681
1016 0.99687
1017 0.99692
1018 0.99697
1019 0.99702
1020 0.99707
1021 0.99717
1022 0.99722
1023 0.99727
1024 0.99732
1025 0.99737
1026 0.99741
1027 0.99746
1028 0.99751
1029 0.99755
1030 0.9976
1031 0.99764
1032 0.99769
1033 0.99773
1034 0.99778
1035 0.99782
1036 0.99786
1037 0.99791
1038 0.99795
1039 0.99799
1040 0.99803
1041 0.99807
1042 0.99811
1043 0.99815
1044 0.99819
1045 0.99823
1046 0.99827
1047 0.99831
1048 0.99835
1049 0.99839
1050 0.99842
1051 0.99846
1052 0.9985
1053 0.99853
1054 0.99857
1055 0.9986
1056 0.99864
1057 0.99867
1058 0.9987
1059 0.99874
1060 0.99877
1061 0.9988
1062 0.99883
1063 0.99886
1064 0.99893
1065 0.99896
1066 0.99899
1067 0.99901
1068 0.99904
1069 0.99907
1070 0.9991
1071 0.99912
1072 0.99915
1073 0.99918
1074 0.9992
1075 0.99923
1076 0.99925
1077 0.99928
1078 0.9993
1079 0.99933
1080 0.99935
1081 0.99937
1082 0.99939
1083 0.99942
1084 0.99944
1085 0.99946
1086 0.99948
1087 0.9995
1088 0.99952
1089 0.99954
1090 0.99956
1091 0.99957
1092 0.99959
1093 0.99961
1094 0.99964
1095 0.99966
1096 0.99967
1097 0.99969
1098 0.9997
1099 0.99972
1100 0.99973
1101 0.99974
1102 0.99976
1103 0.99977
