1 0.83357
2 0.83372
3 0.83388
4 0.83404
5 0.83419
6 0.83435
7 0.83451
8 0.83467
9 0.83483
10 0.83498
11 0.83514
12 0.8353
13 0.83546
14 0.83562
15 0.83578
16 0.83594
17 0.8361
18 0.83626
19 0.83642
20 0.83658
21 0.83674
22 0.8369
23 0.83706
24 0.83667
25 0.83683
26 0.837
27 0.83717
28 0.83734
29 0.83751
30 0.83768
31 0.83785
32 0.83802
33 0.83819
34 0.83836
35 0.83853
36 0.8387
37 0.83887
38 0.83855
39 0.83872
40 0.83889
41 0.83906
42 0.83923
43 0.83941
44 0.83958
45 0.83976
46 0.83993
47 0.8401
48 0.84028
49 0.84045
50 0.84063
51 0.84081
52 0.84098
53 0.84116
54 0.84133
55 0.84151
56 0.84169
57 0.84141
58 0.84159
59 0.84177
60 0.84195
61 0.84213
62 0.84232
63 0.8425
64 0.84268
65 0.84286
66 0.84305
67 0.84323
68 0.84342
69 0.8436
70 0.84378
71 0.84397
72 0.84415
73 0.84434
74 0.84452
75 0.84471
76 0.84489
77 0.84508
78 0.84485
79 0.84503
80 0.84522
81 0.84541
82 0.84559
83 0.84578
84 0.84597
85 0.84616
86 0.84635
87 0.84654
88 0.84672
89 0.84691
90 0.8471
91 0.84729
92 0.84748
93 0.84767
94 0.84786
95 0.84805
96 0.84824
97 0.84843
98 0.84862
99 0.84881
100 0.849
101 0.8492
102 0.84939
103 0.84958
104 0.84977
105 0.84996
106 0.85015
107 0.85034
108 0.85027
109 0.85046
110 0.85065
111 0.85084
112 0.85103
113 0.85123
114 0.85142
115 0.85161
116 0.8518
117 0.852
118 0.85219
119 0.85238
120 0.85258
121 0.85277
122 0.85296
123 0.85316
124 0.85335
125 0.85355
126 0.85374
127 0.85393
128 0.85413
129 0.85432
130 0.85452
131 0.85471
132 0.85491
133 0.8551
134 0.8553
135 0.85549
136 0.85569
137 0.85588
138 0.85608
139 0.85627
140 0.85647
141 0.85666
142 0.85686
143 0.85684
144 0.85704
145 0.85723
146 0.85743
147 0.85762
148 0.85782
149 0.85802
150 0.85821
151 0.85841
152 0.8586
153 0.8588
154 0.859
155 0.85919
156 0.85939
157 0.85958
158 0.85978
159 0.85998
160 0.86017
161 0.86037
162 0.86057
163 0.86076
164 0.86096
165 0.86116
166 0.86135
167 0.86155
168 0.86175
169 0.86194
170 0.86214
171 0.86234
172 0.86253
173 0.86273
174 0.86293
175 0.86312
176 0.86332
177 0.86352
178 0.86371
179 0.86391
180 0.86411
181 0.8643
182 0.8645
183 0.8647
184 0.86489
185 0.86509
186 0.86529
187 0.86548
188 0.86568
189 0.86588
190 0.86607
191 0.86627
192 0.86647
193 0.86666
194 0.86686
195 0.86706
196 0.86725
197 0.86745
198 0.86765
199 0.86784
200 0.86804
201 0.86814
202 0.86834
203 0.86853
204 0.86873
205 0.86893
206 0.86912
207 0.86932
208 0.86952
209 0.86971
210 0.86991
211 0.87011
212 0.8703
213 0.8705
214 0.8707
215 0.87089
216 0.87109
217 0.87129
218 0.87148
219 0.87168
220 0.87188
221 0.87208
222 0.87227
223 0.87247
224 0.87267
225 0.87286
226 0.87306
227 0.87326
228 0.87345
229 0.87365
230 0.87385
231 0.87404
232 0.87424
233 0.87444
234 0.87463
235 0.87483
236 0.87503
237 0.87522
238 0.87542
239 0.87561
240 0.87581
241 0.87601
242 0.8762
243 0.8764
244 0.8766
245 0.87679
246 0.87699
247 0.87718
248 0.87738
249 0.87758
250 0.87777
251 0.87797
252 0.87816
253 0.87836
254 0.87856
255 0.87875
256 0.87895
257 0.87914
258 0.87934
259 0.87953
260 0.87973
261 0.87993
262 0.88012
263 0.88032
264 0.88051
265 0.88071
266 0.8809
267 0.8811
268 0.88129
269 0.88149
270 0.88168
271 0.88188
272 0.88207
273 0.88227
274 0.88246
275 0.88266
276 0.88285
277 0.88305
278 0.88324
279 0.88344
280 0.88363
281 0.88383
282 0.88402
283 0.88422
284 0.88441
285 0.88461
286 0.8848
287 0.88499
288 0.88519
289 0.88538
290 0.88558
291 0.88578
292 0.88597
293 0.88617
294 0.88636
295 0.88655
296 0.88675
297 0.88694
298 0.88713
299 0.88733
300 0.88752
301 0.88772
302 0.88791
303 0.8881
304 0.8883
305 0.88849
306 0.88869
307 0.88888
308 0.88907
309 0.88927
310 0.88946
311 0.88965
312 0.88985
313 0.89004
314 0.89023
315 0.89043
316 0.89062
317 0.89081
318 0.89101
319 0.8912
320 0.89139
321 0.89158
322 0.89178
323 0.89197
324 0.89216
325 0.89236
326 0.89255
327 0.89274
328 0.89293
329 0.89313
330 0.89332
331 0.89351
332 0.8937
333 0.8939
334 0.89409
335 0.89428
336 0.89447
337 0.89466
338 0.89486
339 0.89505
340 0.89524
341 0.89543
342 0.89562
343 0.89582
344 0.89601
345 0.8962
346 0.89639
347 0.89658
348 0.89677
349 0.89697
350 0.89716
351 0.89735
352 0.89754
353 0.89773
354 0.89792
355 0.89811
356 0.8983
357 0.89849
358 0.89868
359 0.89888
360 0.89907
361 0.89926
362 0.89945
363 0.89964
364 0.89983
365 0.90002
366 0.90021
367 0.9004
368 0.90059
369 0.90078
370 0.90097
371 0.90116
372 0.90135
373 0.90154
374 0.90173
375 0.90192
376 0.90211
377 0.9023
378 0.90249
379 0.90268
380 0.90287
381 0.90305
382 0.90324
383 0.90343
384 0.90362
385 0.90381
386 0.904
387 0.90419
388 0.90438
389 0.90457
390 0.90475
391 0.90494
392 0.90513
393 0.90532
394 0.90551
395 0.9057
396 0.90588
397 0.90607
398 0.90626
399 0.90645
400 0.90664
401 0.90682
402 0.90701
403 0.9072
404 0.90739
405 0.90758
406 0.90776
407 0.90795
408 0.90814
409 0.90832
410 0.90851
411 0.9087
412 0.90889
413 0.90907
414 0.90926
415 0.90945
416 0.90963
417 0.90982
418 0.91001
419 0.91019
420 0.91038
421 0.91056
422 0.91075
423 0.91094
424 0.91112
425 0.91131
426 0.9115
427 0.91168
428 0.91187
429 0.91205
430 0.91224
431 0.91242
432 0.91261
433 0.91279
434 0.91298
435 0.91316
436 0.91335
437 0.91353
438 0.91372
439 0.9139
440 0.91409
441 0.91427
442 0.91446
443 0.91464
444 0.91483
445 0.91501
446 0.9152
447 0.91538
448 0.91556
449 0.91575
450 0.91593
451 0.91612
452 0.9163
453 0.91685
454 0.91703
455 0.91721
456 0.9174
457 0.91758
458 0.91776
459 0.91795
460 0.91813
461 0.91831
462 0.91849
463 0.91868
464 0.91886
465 0.91904
466 0.91923
467 0.91941
468 0.91959
469 0.91977
470 0.91995
471 0.92014
472 0.92032
473 0.9205
474 0.92068
475 0.92086
476 0.92105
477 0.92123
478 0.92141
479 0.92159
480 0.92177
481 0.92195
482 0.92213
483 0.92231
484 0.9225
485 0.92268
486 0.92286
487 0.92304
488 0.92322
489 0.9234
490 0.92358
491 0.92376
492 0.92394
493 0.92412
494 0.9243
495 0.92448
496 0.92466
497 0.92484
498 0.92502
499 0.9252
500 0.92538
501 0.92556
502 0.92574
503 0.92592
504 0.92609
505 0.92627
506 0.92645
507 0.92663
508 0.92681
509 0.92699
510 0.92717
511 0.92734
512 0.92752
513 0.9277
514 0.92788
515 0.92806
516 0.92823
517 0.92841
518 0.92859
519 0.92877
520 0.92894
521 0.92912
522 0.9293
523 0.92948
524 0.92965
525 0.92983
526 0.93001
527 0.93018
528 0.93036
529 0.93054
530 0.93071
531 0.93089
532 0.93106
533 0.93124
534 0.93142
535 0.93159
536 0.93177
537 0.93194
538 0.93212
539 0.93229
540 0.93247
541 0.93264
542 0.93282
543 0.93299
544 0.93317
545 0.93334
546 0.93352
547 0.93369
548 0.93387
549 0.93404
550 0.93422
551 0.93439
552 0.93456
553 0.93474
554 0.93491
555 0.93508
556 0.93526
557 0.93543
558 0.9356
559 0.93578
560 0.93595
561 0.93612
562 0.9363
563 0.93647
564 0.93664
565 0.93681
566 0.93698
567 0.93716
568 0.93733
569 0.9375
570 0.93767
571 0.93784
572 0.93802
573 0.93819
574 0.93836
575 0.93853
576 0.9387
577 0.93887
578 0.93904
579 0.93921
580 0.93938
581 0.93955
582 0.93972
583 0.93989
584 0.94006
585 0.94023
586 0.9404
587 0.94057
588 0.94074
589 0.94091
590 0.94108
591 0.94125
592 0.94142
593 0.94159
594 0.94176
595 0.94192
596 0.94209
597 0.94226
598 0.94243
599 0.9426
600 0.94277
601 0.94293
602 0.9431
603 0.94327
604 0.94344
605 0.9436
606 0.94377
607 0.94394
608 0.9441
609 0.94427
610 0.94444
611 0.9446
612 0.94477
613 0.94494
614 0.9451
615 0.94527
616 0.94543
617 0.9456
618 0.94577
619 0.94593
620 0.9461
621 0.94626
622 0.94643
623 0.94659
624 0.94676
625 0.94692
626 0.94708
627 0.94725
628 0.94741
629 0.94758
630 0.94774
631 0.9479
632 0.94807
633 0.94823
634 0.94839
635 0.94856
636 0.94872
637 0.94888
638 0.94905
639 0.94921
640 0.94937
641 0.94953
642 0.94969
643 0.94986
644 0.95002
645 0.95018
646 0.95034
647 0.9505
648 0.95066
649 0.95082
650 0.95099
651 0.95115
652 0.95131
653 0.95147
654 0.95163
655 0.95179
656 0.95195
657 0.95211
658 0.95227
659 0.95243
660 0.95259
661 0.95274
662 0.9529
663 0.95306
664 0.95322
665 0.95338
666 0.95354
667 0.9537
668 0.95385
669 0.95401
670 0.95417
671 0.95433
672 0.95449
673 0.95464
674 0.9548
675 0.95496
676 0.95511
677 0.95527
678 0.95543
679 0.95558
680 0.95574
681 0.95589
682 0.95605
683 0.95621
684 0.95636
685 0.95652
686 0.95667
687 0.95683
688 0.95698
689 0.95714
690 0.95729
691 0.95744
692 0.9576
693 0.95775
694 0.95791
695 0.95806
696 0.95821
697 0.95837
698 0.95852
699 0.95867
700 0.95883
701 0.95898
702 0.95913
703 0.95928
704 0.95943
705 0.95959
706 0.95974
707 0.95989
708 0.96004
709 0.96019
710 0.96034
711 0.96049
712 0.96064
713 0.96079
714 0.96094
715 0.96109
716 0.96124
717 0.96139
718 0.96154
719 0.96169
720 0.96184
721 0.96199
722 0.96214
723 0.96229
724 0.96244
725 0.96259
726 0.96273
727 0.96288
728 0.96303
729 0.96318
730 0.96332
731 0.96347
732 0.96362
733 0.96376
734 0.96391
735 0.96406
736 0.96442
737 0.96456
738 0.96471
739 0.96485
740 0.965
741 0.96514
742 0.96529
743 0.96543
744 0.96558
745 0.96572
746 0.96586
747 0.96601
748 0.96615
749 0.9663
750 0.96644
751 0.96658
752 0.96672
753 0.96687
754 0.96701
755 0.96715
756 0.96729
757 0.96744
758 0.96758
759 0.96772
760 0.96786
761 0.968
762 0.96814
763 0.96828
764 0.96842
765 0.96857
766 0.96871
767 0.96884
768 0.96898
769 0.96912
770 0.96926
771 0.9694
772 0.96954
773 0.96968
774 0.96982
775 0.96996
776 0.97009
777 0.97023
778 0.97037
779 0.97051
780 0.97064
781 0.97078
782 0.97092
783 0.97105
784 0.97119
785 0.97133
786 0.97146
787 0.9716
788 0.97173
789 0.97187
790 0.972
791 0.97214
792 0.97227
793 0.97241
794 0.97254
795 0.97268
796 0.97281
797 0.97294
798 0.97308
799 0.97321
800 0.97334
801 0.97347
802 0.97361
803 0.97374
804 0.97387
805 0.974
806 0.97413
807 0.97426
808 0.97439
809 0.97452
810 0.97465
811 0.97478
812 0.97491
813 0.97504
814 0.97517
815 0.9753
816 0.97543
817 0.97556
818 0.97569
819 0.97582
820 0.97594
821 0.97607
822 0.9762
823 0.97633
824 0.97645
825 0.97658
826 0.9767
827 0.97683
828 0.97696
829 0.97708
830 0.97721
831 0.97733
832 0.97746
833 0.97758
834 0.97771
835 0.97783
836 0.97795
837 0.97808
838 0.9782
839 0.97832
840 0.97845
841 0.97857
842 0.97869
843 0.97881
844 0.97893
845 0.97906
846 0.97918
847 0.9793
848 0.97942
849 0.97954
850 0.97966
851 0.97978
852 0.9799
853 0.98002
854 0.98014
855 0.98026
856 0.98037
857 0.98049
858 0.98061
859 0.98073
860 0.98084
861 0.98096
862 0.98108
863 0.9812
864 0.98131
865 0.98143
866 0.98154
867 0.98166
868 0.98177
869 0.98189
870 0.982
871 0.98212
872 0.98223
873 0.98234
874 0.98246
875 0.98257
876 0.98268
877 0.9828
878 0.98291
879 0.98302
880 0.98313
881 0.98324
882 0.98335
883 0.98346
884 0.98357
885 0.98368
886 0.98379
887 0.9839
888 0.98401
889 0.98412
890 0.98423
891 0.98434
892 0.98445
893 0.98455
894 0.98466
895 0.98477
896 0.98488
897 0.98498
898 0.98509
899 0.98519
900 0.9853
901 0.9854
902 0.98551
903 0.98561
904 0.98572
905 0.98582
906 0.98592
907 0.98603
908 0.98613
909 0.98623
910 0.98634
911 0.98644
912 0.98654
913 0.98664
914 0.98674
915 0.98684
916 0.98694
917 0.98704
918 0.98714
919 0.98724
920 0.98734
921 0.98744
922 0.98754
923 0.98764
924 0.98773
925 0.98783
926 0.98793
927 0.98802
928 0.98812
929 0.98822
930 0.98831
931 0.98841
932 0.9885
933 0.9886
934 0.98869
935 0.98878
936 0.98888
937 0.98897
938 0.98906
939 0.98916
940 0.98925
941 0.98946
942 0.98955
943 0.98964
944 0.98973
945 0.98982
946 0.98991
947 0.99
948 0.99009
949 0.99018
950 0.99026
951 0.99035
952 0.99044
953 0.99053
954 0.99061
955 0.9907
956 0.99079
957 0.99087
958 0.99096
959 0.99105
960 0.99113
961 0.99122
962 0.9913
963 0.99138
964 0.99147
965 0.99155
966 0.99163
967 0.99172
968 0.9918
969 0.99188
970 0.99196
971 0.99204
972 0.99212
973 0.9922
974 0.99228
975 0.99236
976 0.99244
977 0.99252
978 0.9926
979 0.99268
980 0.99276
981 0.99283
982 0.99291
983 0.99299
984 0.99306
985 0.99314
986 0.99321
987 0.99329
988 0.99336
989 0.99344
990 0.99351
991 0.99359
992 0.99366
993 0.99373
994 0.9938
995 0.99388
996 0.99395
997 0.99402
998 0.99409
999 0.99416
1000 0.99423
1001 0.9943
1002 0.99437
1003 0.99444
1004 0.99451
1005 0.99457
1006 0.99464
1007 0.99471
1008 0.99477
1009 0.99484
1010 0.99491
1011 0.99497
1012 0.99504
1013 0.9951
1014 0.99517
1015 0.99523
1016 0.99529
1017 0.99536
1018 0.99542
1019 0.99548
1020 0.99554
1021 0.9956
1022 0.99567
1023 0.99573
1024 0.99579
1025 0.99585
1026 0.99591
1027 0.99596
1028 0.99602
1029 0.99608
1030 0.99614
1031 0.9962
1032 0.99625
1033 0.99631
1034 0.99636
1035 0.99642
1036 0.99647
1037 0.99653
1038 0.99658
1039 0.99664
1040 0.99669
1041 0.99674
1042 0.9968
1043 0.99691
1044 0.99696
1045 0.99701
1046 0.99706
1047 0.99711
1048 0.99716
1049 0.99721
1050 0.99726
1051 0.99731
1052 0.99735
1053 0.9974
1054 0.99745
1055 0.9975
1056 0.99754
1057 0.99759
1058 0.99763
1059 0.99768
1060 0.99772
1061 0.99777
1062 0.99781
1063 0.99785
1064 0.9979
1065 0.99794
1066 0.99798
1067 0.99802
1068 0.99806
1069 0.99811
1070 0.99815
1071 0.99819
1072 0.99823
1073 0.99826
1074 0.9983
1075 0.99834
1076 0.99838
1077 0.99842
1078 0.99845
1079 0.99849
1080 0.99852
1081 0.99856
1082 0.99859
1083 0.99863
1084 0.99866
1085 0.9987
1086 0.99873
1087 0.99876
1088 0.99879
1089 0.99883
1090 0.99886
1091 0.99889
1092 0.99892
1093 0.99898
1094 0.99901
1095 0.99904
1096 0.99907
1097 0.9991
1098 0.99912
1099 0.99915
1100 0.99918
1101 0.9992
1102 0.99923
1103 0.99925
1104 0.99928
1105 0.9993
1106 0.99933
1107 0.99935
1108 0.99937
1109 0.99939
1110 0.99942
1111 0.99944
1112 0.99946
1113 0.99948
1114 0.9995
1115 0.99952
1116 0.99956
1117 0.99958
1118 0.9996
1119 0.99961
1120 0.99963
1121 0.99965
1122 0.99966
1123 0.99968
1124 0.99969
1125 0.99973
1126 0.99974
1127 0.99975
1128 0.99977
1129 0.99978
1130 0.99979
1131 0.9998
1132 0.99981
1133 0.99983
1134 0.99984
1135 0.99985
1136 0.99986
1137 0.99987
1138 0.99987
1139 0.99988
1140 0.99989
1141 0.9999
1142 0.99991
1143 0.99991
1144 0.99992
