-8.257010e-01 
-7.163840e-01 
-9.939425e-01 
-1.093844e+00 
-4.017381e-02 
-2.895200e-02 
-3.394387e-03 
-3.191026e-03 
-2.476662e-01 
-1.244315e-01 
-1.061435e+00 
-1.063886e+00 
-5.173466e-01 
-1.122139e-01 
-3.609362e-02 
-2.833635e-03 
-2.796867e-02 
-2.746487e-02 
-3.878776e-02 
-4.878386e-02 
-1.039423e-01 
-2.038379e-01 
-1.079465e+00 
-1.502621e+00 
-1.245829e+00 
-6.760289e-01 
-2.502411e-01 
-9.511253e-02 
-5.531612e-02 
-4.457657e-02 
-5.728796e-02 
-6.387209e-02 
-9.744288e-02 
-1.962525e-01 
-3.653859e-01 
-6.740319e-01 
-6.797144e-01 
-2.590620e-01 
-1.679421e-01 
-5.853216e-02 
-8.671592e-02 
-4.341444e-02 
-1.504675e-03 
-4.345515e-02 
-7.123104e-02 
-5.975419e-02 
-6.307608e-02 
-9.510403e-02 
4.945851e-02 
1.159098e+00 
1.126938e+00 
4.732119e-02 
-9.859164e-02 
-1.540458e-02 
-6.146108e-02 
-6.339097e-02 
-5.518590e-02 
-3.510113e-02 
6.296787e-02 
-8.125572e-02 
-8.459115e-02 
-7.093205e-02 
-3.697586e-02 
4.180969e-02 
3.336767e-01 
1.602074e-01 
1.625294e-01 
3.261879e-01 
3.020845e-02 
-4.027625e-02 
-8.234971e-02 
-9.961925e-02 
1.353548e-02 
-1.564990e-01 
-1.480351e-01 
-1.780044e-01 
-6.730735e-02 
1.526831e-02 
1.733545e-01 
2.387050e-01 
2.559340e-01 
1.404070e-01 
3.280161e-01 
-1.196957e-01 
-1.633983e-01 
-1.701260e-01 
-1.103210e-01 
2.719727e-02 
-1.090127e+00 
-3.045800e-01 
5.464501e-02 
3.237851e-01 
2.379255e-01 
2.467578e-01 
1.652378e-01 
5.919999e-02 
-3.339099e-01 
-1.091615e+00 
-5.878551e-02 
-9.453709e-01 
-1.436953e+00 
-5.159766e-01 
1.089659e+00 
1.658606e-01 
1.048201e+00 
-4.688523e-01 
-1.556081e+00 
-1.009966e+00 
-1.134823e+00 
-1.017903e+00 
-1.577408e+00 
7.349799e-01 
6.084360e-01 
-1.513394e+00 
-1.066543e+00 
-1.078581e+00 
-9.192775e-01 
-4.395992e-01 
6.855877e-01 
-7.691610e-02 
2.434106e-01 
2.410033e-01 
2.865471e-01 
-1.486038e-01 
8.459647e-01 
-4.289499e-01 
-2.587983e-01 
-3.381911e-01 
-4.128863e-01 
-2.465732e-01 
1.672232e-01 
3.024041e-01 
1.502712e-01 
2.595691e-01 
2.073395e-01 
2.842575e-01 
-7.863351e-02 
-3.339843e-01 
-2.564445e-01 
-2.191696e-02 
-7.010994e-02 
-2.536635e-01 
-1.133087e-01 
-2.241381e-02 
-2.485401e-02 
3.258767e-01 
1.731298e-01 
2.118573e-01 
2.962436e-01 
9.534811e-03 
-7.085391e-03 
-1.051369e-01 
-9.234166e-02 
4.431370e-03 
-2.465423e-02 
-1.013156e-01 
-8.785773e-02 
-4.260863e-02 
-3.827688e-02 
-8.939650e-02 
3.362233e-02 
1.124652e+00 
8.819022e-01 
-2.357979e-02 
7.331045e-02 
-3.649605e-02 
-7.839009e-02 
-1.165093e-02 
-4.995923e-02 
-5.238892e-02 
-6.782526e-02 
-1.555415e-01 
-2.558441e-01 
-5.491827e-01 
1.128714e-01 
-2.681424e-01 
-1.308391e-01 
-6.545039e-02 
-5.317145e-02 
-3.030890e-02 
-3.844383e-02 
-2.242658e-02 
-3.465086e-02 
-3.527059e-02 
-6.589499e-02 
-1.388811e-01 
-1.051667e+00 
-1.345692e+00 
-1.531161e+00 
-8.027532e-01 
-2.446251e-01 
-9.955467e-02 
-4.186088e-02 
-1.650499e-02 
-1.548288e-02 
-3.482875e-02 
-1.980285e-02 
6.886295e-03 
7.665941e-02 
-1.349810e-01 
7.857520e-02 
-1.078945e+00 
-1.085613e+00 
-4.417572e-01 
-3.531412e-01 
-1.228449e-01 
-1.634791e-02 
7.561950e-03 
-3.010247e-02 
-1.131327e+00 
-6.708388e-01 
1.319789e-01 
-1.201555e+00 
-4.536055e-02 
-7.005669e-02 
1.659085e-01 
-5.926182e-01 
-1.136233e+00 
-5.397403e-02 
-1.114889e+00 
6.479034e-02 
6.535478e-02 
-5.602014e-02 
-7.715626e-01 
-4.405356e-01 
-1.169817e+00 
-1.262552e+00 
-1.298232e+00 
-8.839378e-01 
-8.867791e-01 
3.262696e-02 
1.654704e-02 
-3.456290e-02 
-3.381934e-02 
-3.948078e-02 
-1.617319e-02 
-3.386988e-02 
-3.886793e-02 
-3.292707e-03 
-2.608912e-02 
-5.366836e-02 
-1.254286e-01 
-5.356668e-02 
-1.035144e-01 
-1.860489e-01 
-2.257520e-01 
-5.929334e-01 
-1.641347e-01 
-6.019484e-01 
-1.062661e+00 
-1.070450e+00 
-1.282028e+00 
-7.906164e-01 
-1.283254e+00 
-1.154857e+00 
-3.147803e-01 
-8.815876e-01 
-5.966878e-01 
-7.415376e-02 
-3.941214e-01 
-1.812275e-01 
-1.946363e-02 
-1.431674e-01 
-6.560307e-02 
-1.540115e-02 
-4.897308e-02 
-2.907488e-02 
-4.164240e-02 
-3.627262e-02 
-3.569156e-02 
-3.312631e-02 
-1.448477e-02 
-3.546001e-02 
-4.378581e-02 
-4.803786e-02 
-4.112145e-02 
-7.636309e-02 
-5.303591e-02 
-5.632797e-02 
-7.311337e-02 
-1.538901e-01 
-1.006926e-01 
-1.500974e-01 
-6.416516e-01 
-2.000452e-01 
-2.846119e-01 
-1.291043e+00 
-7.224256e-01 
-8.767486e-01 
-1.374225e+00 
-1.088326e+00 
-1.091168e+00 
-9.609288e-01 
-9.627715e-01 
-4.631350e-01 
-6.778717e-01 
-4.675455e-01 
-1.726768e-01 
-2.546516e-01 
-2.090916e-01 
-7.521432e-02 
-1.315273e-01 
-9.091422e-02 
-7.101602e-02 
-4.936528e-02 
-5.935355e-02 
-4.399551e-02 
-3.983885e-02 
-6.058003e-02 
-5.037156e-02 
-6.425950e-02 
-8.065748e-02 
-6.755157e-02 
-6.181314e-02 
-1.468477e-01 
-7.859853e-02 
-8.025948e-02 
-2.808192e-01 
-1.296643e-01 
-1.456782e-01 
-5.197089e-01 
-2.302449e-01 
-1.579637e-01 
-3.122867e-01 
2.425329e-01 
-4.693882e-01 
2.236117e-01 
-3.161966e-01 
-2.135021e-01 
-1.058704e-01 
-1.788268e-01 
-1.132371e-01 
-1.273290e-01 
-1.332669e-01 
-7.262404e-02 
-7.856190e-02 
-3.696837e-02 
-5.999662e-02 
-7.408850e-02 
-7.505345e-02 
-5.340271e-02 
-4.930017e-02 
-3.925779e-02 
-2.247991e-02 
3.073160e-02 
-4.138020e-02 
-5.734309e-02 
-6.235543e-02 
-6.402315e-02 
-6.549261e-02 
-7.791110e-02 
-7.108155e-02 
-6.141514e-02 
-6.534312e-02 
-4.836502e-02 
-7.909005e-02 
-5.002597e-02 
-1.063320e-02 
-2.282276e-02 
-2.664717e-02 
1.192863e-01 
6.042781e-01 
1.915676e-01 
1.048329e-01 
6.596525e-01 
5.871295e-01 
6.447336e-01 
-2.563522e-02 
1.049253e-01 
1.867545e-01 
-5.699811e-02 
1.137981e-01 
-3.843283e-02 
1.553917e-01 
7.401936e-03 
-2.784041e-02 
6.250122e-02 
-6.242603e-02 
-5.086866e-02 
-7.190539e-02 
-5.928844e-02 
-7.287034e-02 
-4.514352e-02 
-6.876781e-02 
-7.740258e-02 
-2.082521e-02 
-1.078282e-02 
-9.143925e-03 
-4.676556e-02 
-8.292344e-02 
-1.188774e-01 
-1.146454e-01 
-1.296301e-01 
-7.776160e-02 
-1.312978e-01 
-5.395395e-02 
-1.244682e-01 
-6.911970e-02 
-2.783187e-02 
2.416915e-03 
-1.085377e-02 
1.877432e-01 
2.853900e-02 
1.075821e-01 
2.469420e-01 
2.535156e-01 
2.861908e-01 
1.994562e-01 
2.443586e-01 
2.092317e-01 
2.910609e-01 
2.332974e-01 
-5.033900e-03 
8.530773e-02 
1.791123e-01 
-4.474362e-02 
-6.131298e-02 
-7.998597e-02 
-1.018373e-01 
-9.098448e-02 
-1.228740e-01 
-4.304188e-02 
-1.315088e-01 
-1.348726e-01 
-1.049701e-01 
-4.839274e-02 
-1.522671e-01 
-6.465086e-02 
-1.630198e-01 
-6.041893e-02 
-6.190813e-01 
-2.263076e-01 
-1.226559e-01 
-2.412922e-01 
-2.601952e-02 
-1.859437e-01 
-6.331169e-03 
1.282389e-01 
9.431140e-02 
1.695267e-01 
2.060297e-01 
2.485698e-01 
2.056400e-01 
2.383153e-01 
1.981705e-01 
2.513459e-01 
2.342115e-01 
1.935824e-01 
1.041602e-01 
2.873869e-01 
2.466269e-01 
1.936080e-01 
-1.415470e-01 
-3.024785e-02 
-2.268028e-01 
-1.667621e-01 
-2.486541e-01 
-1.402235e-01 
-2.520179e-01 
-6.308706e-01 
-1.144557e-01 
-8.455323e-02 
-5.314651e-01 
-4.590868e-01 
-6.973538e-01 
-1.017749e+00 
-1.263540e+00 
-8.030520e-01 
-1.249675e-01 
-4.102783e-01 
1.892151e-01 
-2.306658e-01 
5.721519e-01 
1.102528e-01 
2.808553e-01 
2.448229e-01 
2.018931e-01 
2.059978e-01 
1.122189e-01 
6.067194e-01 
-1.373549e-01 
5.537005e-01 
-2.048262e-01 
-7.127626e-01 
-4.013811e-01 
-5.752004e-01 
-7.802338e-01 
-1.323848e+00 
-1.050791e+00 
-5.343758e-01 
-1.191162e+00 
-1.040097e+00 
-9.764646e-01 
-1.285888e+00 
-1.227428e+00 
-1.507180e+00 
2.868411e-01 
6.277598e-01 
2.896744e-01 
-1.012467e+00 
-1.283024e+00 
-1.534738e+00 
-1.311312e+00 
-1.038255e+00 
-1.044274e+00 
-1.076363e+00 
-1.027050e+00 
-1.297655e+00 
-9.685901e-01 
-7.287509e-01 
-1.008504e+00 
-4.459103e-01 
-9.951473e-01 
7.102838e-01 
3.290319e-01 
4.891953e-01 
4.474915e-01 
2.299161e-01 
7.272003e-01 
-1.289969e+00 
-3.337146e-01 
-9.711719e-01 
-9.236891e-01 
-1.072562e+00 
-7.477465e-01 
-7.537654e-01 
-6.686896e-01 
-6.794384e-01 
-6.287343e-01 
-3.888952e-01 
-4.262428e-01 
-3.466314e-01 
3.043358e-01 
1.363507e-01 
2.195072e-01 
8.324725e-02 
-1.617447e-01 
4.515356e-02 
1.127440e-01 
2.422069e-01 
2.729074e-01 
2.717037e-01 
1.956373e-01 
2.502862e-01 
6.897168e-02 
2.469433e-01 
2.854023e-01 
3.486805e-01 
6.782686e-02 
-1.136186e-01 
3.836656e-01 
2.559902e-01 
-3.438741e-01 
-3.814671e-01 
-3.426972e-01 
-2.576214e-01 
-1.403576e-01 
-2.041505e-01 
-2.959273e-01 
-3.297298e-01 
-3.332749e-01 
-2.630975e-01 
-3.967500e-02 
-1.799409e-01 
-1.344935e-01 
2.348137e-01 
1.587472e-01 
7.240470e-02 
7.118460e-02 
2.263377e-01 
2.049202e-01 
6.270861e-02 
2.380739e-01 
2.927229e-01 
2.163495e-01 
2.457985e-01 
2.095984e-01 
2.517915e-01 
1.028120e-01 
2.902505e-01 
1.468961e-01 
-2.063089e-01 
-3.454935e-02 
-4.285945e-02 
-9.188522e-02 
-2.952144e-01 
-2.195606e-01 
-1.391807e-01 
-1.807907e-01 
-1.743931e-01 
-5.712931e-02 
-8.742797e-03 
-1.618867e-01 
-4.738208e-02 
-1.834861e-01 
-1.391588e-01 
-1.774895e-01 
-6.786125e-02 
-1.073121e-01 
-1.005832e-01 
-2.363391e-02 
-5.513577e-02 
-3.251122e-02 
1.505113e-01 
-3.373132e-02 
-3.156545e-02 
-5.712525e-02 
2.495032e-01 
1.182401e-01 
1.797495e-01 
1.033760e-01 
6.488909e-01 
2.540504e-01 
5.468798e-01 
9.413875e-02 
1.528892e-01 
1.363319e-01 
1.847770e-01 
1.224710e-03 
4.142263e-02 
-1.348062e-02 
-5.611116e-02 
-2.179072e-02 
-4.273774e-02 
-3.012842e-02 
-9.873930e-02 
-9.176351e-02 
-4.395515e-02 
-8.536587e-02 
-6.539275e-02 
-1.700623e-02 
-5.525755e-03 
-6.298489e-02 
-1.815258e-02 
-9.458665e-02 
-5.648324e-02 
-7.563740e-02 
-6.523318e-02 
-6.890848e-02 
-7.012333e-02 
-4.044276e-02 
-4.749877e-02 
-5.521695e-02 
-6.383669e-02 
-5.305107e-02 
-9.690917e-02 
-2.788708e-02 
-1.224690e-01 
-1.726203e-01 
5.791372e-01 
-1.111109e-01 
-2.577802e-01 
2.877347e-01 
4.291612e-01 
4.973868e-01 
2.486533e-02 
4.464579e-02 
-1.458611e-01 
1.840720e-02 
-9.741596e-02 
-2.876430e-02 
-8.366755e-02 
-5.097322e-02 
-4.483375e-02 
-6.578077e-02 
-5.841696e-02 
-3.080508e-02 
-1.703876e-02 
-5.117408e-02 
-3.619291e-02 
-4.230504e-02 
-6.010709e-02 
-4.351989e-02 
-4.382975e-02 
-1.116834e-01 
-5.154792e-02 
-6.686012e-02 
-2.056928e-01 
-1.107182e-01 
-1.472113e-01 
-4.025134e-01 
-1.973626e-01 
-6.537557e-01 
-8.004250e-01 
-9.474375e-01 
-7.763550e-02 
-7.091450e-01 
-3.449409e-01 
-1.994907e-01 
-5.354478e-01 
-2.563837e-01 
-9.814472e-02 
-1.877321e-01 
-1.151969e-01 
-5.931092e-02 
-8.250253e-02 
-5.365563e-02 
-4.174018e-02 
-4.580764e-02 
-4.751616e-02 
-3.437637e-02 
-3.608489e-02 
-2.340695e-02 
-2.289589e-02 
-3.020569e-02 
-2.696336e-02 
-2.853872e-02 
-2.862767e-02 
-3.496072e-02 
-3.473980e-02 
-2.722685e-02 
-5.058279e-02 
-2.753672e-02 
-1.419215e-02 
-1.023880e-01 
-2.950435e-02 
5.382213e-03 
-1.004380e-01 
-5.952742e-01 
-1.369310e-01 
-3.015294e-02 
-1.198680e+00 
-4.865461e-01 
-1.065306e+00 
-1.438427e+00 
-1.212318e+00 
-1.215653e+00 
-1.166957e+00 
-1.308387e+00 
-9.864593e-01 
-5.236891e-01 
-6.222552e-01 
-5.779472e-01 
-1.720899e-01 
-2.988832e-01 
-1.837350e-01 
-1.304865e-01 
-7.070777e-02 
-5.795129e-02 
-4.599636e-02 
-2.918293e-02 
-1.714946e-02 
-4.471518e-03 
-2.330373e-02 
-2.279267e-02 
-2.731580e-02 
-6.458279e-03 
4.177285e-02 
-2.916077e-02 
-2.820288e-02 
-5.001847e-01 
-1.082279e+00 
-7.636850e-01 
-3.974492e-01 
-2.379930e-01 
-6.959638e-02 
-4.392980e-03 
