0 -0.5257
0.0025063 -0.52902
0.0050125 -0.53227
0.0075188 -0.53551
0.010025 -0.53877
0.012531 -0.54207
0.015038 -0.54544
0.017544 -0.54888
0.02005 -0.55238
0.022556 -0.55594
0.025063 -0.5596
0.027569 -0.56333
0.030075 -0.56711
0.032581 -0.57094
0.035088 -0.57482
0.037594 -0.57874
0.0401 -0.58269
0.042607 -0.58667
0.045113 -0.59066
0.047619 -0.6096
0.050125 -0.61408
0.052632 -0.6184
0.055138 -0.62251
0.057644 -0.62648
0.06015 -0.63023
0.062657 -0.63402
0.065163 -0.63774
0.067669 -0.64141
0.070175 -0.64501
0.072682 -0.64839
0.075188 -0.65191
0.077694 -0.65483
0.080201 -0.65973
0.082707 -0.66428
0.085213 -0.66856
0.087719 -0.67263
0.090226 -0.67651
0.092732 -0.68025
0.095238 -0.68387
0.097744 -0.68737
0.10025 -0.69077
0.10276 -0.69409
0.10526 -0.69733
0.10777 -0.70049
0.11028 -0.7036
0.11278 -0.70663
0.11529 -0.70709
0.11779 -0.71166
0.1203 -0.71581
0.12281 -0.71964
0.12531 -0.72323
0.12782 -0.72667
0.13033 -0.72992
0.13283 -0.73305
0.13534 -0.73604
0.13784 -0.73906
0.14035 -0.74192
0.14286 -0.74482
0.14536 -0.74755
0.14787 -0.75024
0.15038 -0.75028
0.15288 -0.75454
0.15539 -0.75837
0.15789 -0.76189
0.1604 -0.76517
0.16291 -0.76827
0.16541 -0.7712
0.16792 -0.77403
0.17043 -0.77679
0.17293 -0.77927
0.17544 -0.78182
0.17794 -0.78433
0.18045 -0.7868
0.18296 -0.78924
0.18546 -0.79166
0.18797 -0.79397
0.19048 -0.79634
0.19298 -0.79878
0.19549 -0.80105
0.19799 -0.80328
0.2005 -0.80548
0.20301 -0.80769
0.20551 -0.80984
0.20802 -0.81221
0.21053 -0.81434
0.21303 -0.81645
0.21554 -0.81855
0.21805 -0.82063
0.22055 -0.82273
0.22306 -0.82119
0.22556 -0.82493
0.22807 -0.82814
0.23058 -0.8311
0.23308 -0.83383
0.23559 -0.8364
0.2381 -0.83883
0.2406 -0.84117
0.24311 -0.84343
0.24561 -0.84562
0.24812 -0.84775
0.25063 -0.84983
0.25313 -0.85187
0.25564 -0.85387
0.25815 -0.85584
0.26065 -0.85777
0.26316 -0.85968
0.26566 -0.86161
0.26817 -0.86345
0.27068 -0.86527
0.27318 -0.86706
0.27569 -0.86883
0.2782 -0.87058
0.2807 -0.87231
0.28321 -0.87402
0.28571 -0.87571
0.28822 -0.87739
0.29073 -0.87904
0.29323 -0.88067
0.29574 -0.88229
0.29825 -0.88389
0.30075 -0.88548
0.30326 -0.88706
0.30576 -0.88861
0.30827 -0.89014
0.31078 -0.89167
0.31328 -0.8898
0.31579 -0.89223
0.3183 -0.89443
0.3208 -0.89646
0.32331 -0.89835
0.32581 -0.90014
0.32832 -0.90186
0.33083 -0.9035
0.33333 -0.90509
0.33584 -0.90663
0.33835 -0.90813
0.34085 -0.9096
0.34336 -0.91104
0.34586 -0.91246
0.34837 -0.91386
0.35088 -0.91524
0.35338 -0.9166
0.35589 -0.91794
0.3584 -0.91927
0.3609 -0.92057
0.36341 -0.92186
0.36591 -0.92313
0.36842 -0.92437
0.37093 -0.92559
0.37343 -0.92682
0.37594 -0.92804
0.37845 -0.92923
0.38095 -0.93042
0.38346 -0.93162
0.38596 -0.93283
0.38847 -0.93402
0.39098 -0.9351
0.39348 -0.93625
0.39599 -0.93739
0.3985 -0.93855
0.401 -0.9397
0.40351 -0.94082
0.40602 -0.94192
0.40852 -0.94301
0.41103 -0.94403
0.41353 -0.9451
0.41604 -0.94616
0.41855 -0.94721
0.42105 -0.94826
0.42356 -0.9493
0.42607 -0.95033
0.42857 -0.95136
0.43108 -0.95237
0.43358 -0.95334
0.43609 -0.95433
0.4386 -0.95532
0.4411 -0.95631
0.44361 -0.95728
0.44612 -0.95826
0.44862 -0.95918
0.45113 -0.96015
0.45363 -0.9611
0.45614 -0.96205
0.45865 -0.96297
0.46115 -0.96392
0.46366 -0.96484
0.46617 -0.96575
0.46867 -0.96665
0.47118 -0.96756
0.47368 -0.96845
0.47619 -0.96935
0.4787 -0.97023
0.4812 -0.97112
0.48371 -0.96822
0.48622 -0.96963
0.48872 -0.97094
0.49123 -0.97217
0.49373 -0.97333
0.49624 -0.97444
0.49875 -0.97551
0.50125 -0.97654
0.50376 -0.97753
0.50627 -0.9785
0.50877 -0.97944
0.51128 -0.98036
0.51378 -0.98127
0.51629 -0.98216
0.5188 -0.98303
0.5213 -0.98389
0.52381 -0.98475
0.52632 -0.98558
0.52882 -0.98641
0.53133 -0.98723
0.53383 -0.98804
0.53634 -0.98884
0.53885 -0.98963
0.54135 -0.99041
0.54386 -0.99119
0.54637 -0.99196
0.54887 -0.99272
0.55138 -0.99346
0.55388 -0.99421
0.55639 -0.99494
0.5589 -0.99568
0.5614 -0.99638
0.56391 -0.9971
0.56642 -0.9978
0.56892 -0.9985
0.57143 -0.99919
0.57393 -0.99989
0.57644 -1.0006
0.57895 -1.0013
0.58145 -1.0019
0.58396 -1.0026
0.58647 -1.0033
0.58897 -1.0039
0.59148 -1.0046
0.59398 -1.0052
0.59649 -1.0059
0.599 -1.0065
0.6015 -1.0072
0.60401 -1.0078
0.60652 -1.0084
0.60902 -1.0091
0.61153 -1.0097
0.61404 -1.0103
0.61654 -1.0109
0.61905 -1.0115
0.62155 -1.0121
0.62406 -1.0127
0.62657 -1.0133
0.62907 -1.0139
0.63158 -1.0145
0.63409 -1.015
0.63659 -1.0156
0.6391 -1.0162
0.6416 -1.0167
0.64411 -1.0174
0.64662 -1.0179
0.64912 -1.0185
0.65163 -1.019
0.65414 -1.0195
0.65664 -1.0201
0.65915 -1.0206
0.66165 -1.0211
0.66416 -1.0217
0.66667 -1.0222
0.66917 -1.0227
0.67168 -1.0233
0.67419 -1.0238
0.67669 -1.0243
0.6792 -1.0249
0.6817 -1.0254
0.68421 -1.0259
0.68672 -1.0264
0.68922 -1.027
0.69173 -1.0274
0.69424 -1.0279
0.69674 -1.0284
0.69925 -1.0289
0.70175 -1.0294
0.70426 -1.0299
0.70677 -1.0304
0.70927 -1.0308
0.71178 -1.0313
0.71429 -1.0318
0.71679 -1.0322
0.7193 -1.0327
0.7218 -1.0332
0.72431 -1.0336
0.72682 -1.0341
0.72932 -1.0345
0.73183 -1.035
0.73434 -1.0354
0.73684 -1.0359
0.73935 -1.0363
0.74185 -1.0368
0.74436 -1.0372
0.74687 -1.0376
0.74937 -1.0381
0.75188 -1.0385
0.75439 -1.0389
0.75689 -1.0393
0.7594 -1.0397
0.7619 -1.0402
0.76441 -1.0406
0.76692 -1.041
0.76942 -1.0414
0.77193 -1.0418
0.77444 -1.0422
0.77694 -1.0426
0.77945 -1.043
0.78195 -1.0434
0.78446 -1.0438
0.78697 -1.0442
0.78947 -1.0445
0.79198 -1.0449
0.79449 -1.0453
0.79699 -1.0457
0.7995 -1.0461
0.80201 -1.0464
0.80451 -1.0468
0.80702 -1.0472
0.80952 -1.0475
0.81203 -1.0479
0.81454 -1.0483
0.81704 -1.0486
0.81955 -1.049
0.82206 -1.0493
0.82456 -1.0497
0.82707 -1.05
0.82957 -1.0504
0.83208 -1.0507
0.83459 -1.0511
0.83709 -1.0514
0.8396 -1.0517
0.84211 -1.0521
0.84461 -1.0524
0.84712 -1.0527
0.84962 -1.0531
0.85213 -1.0535
0.85464 -1.0482
0.85714 -1.0488
0.85965 -1.0494
0.86216 -1.0499
0.86466 -1.0504
0.86717 -1.0509
0.86967 -1.0514
0.87218 -1.0518
0.87469 -1.0523
0.87719 -1.0527
0.8797 -1.0531
0.88221 -1.0535
0.88471 -1.0539
0.88722 -1.0542
0.88972 -1.0548
0.89223 -1.0552
0.89474 -1.0555
0.89724 -1.0559
0.89975 -1.0562
0.90226 -1.0565
0.90476 -1.0569
0.90727 -1.0572
0.90977 -1.0575
0.91228 -1.0578
0.91479 -1.0581
0.91729 -1.0584
0.9198 -1.0587
0.92231 -1.059
0.92481 -1.0596
0.92732 -1.0599
0.92982 -1.0602
0.93233 -1.0605
0.93484 -1.0608
0.93734 -1.0611
0.93985 -1.0613
0.94236 -1.0616
0.94486 -1.0619
0.94737 -1.0622
0.94987 -1.0624
0.95238 -1.0627
0.95489 -1.063
0.95739 -1.0632
0.9599 -1.0635
0.96241 -1.0638
0.96491 -1.064
0.96742 -1.0643
0.96992 -1.0645
0.97243 -1.0648
0.97494 -1.065
0.97744 -1.0653
0.97995 -1.0655
0.98246 -1.0658
0.98496 -1.066
0.98747 -1.0662
0.98997 -1.0665
0.99248 -1.0667
0.99499 -1.0672
0.99749 -1.0675
1 -1.0677
