0 -0.23907
0.0025063 -0.26055
0.0050125 -0.27864
0.0075188 -0.29469
0.010025 -0.31638
0.012531 -0.33271
0.015038 -0.34599
0.017544 -0.3576
0.02005 -0.36828
0.022556 -0.37842
0.025063 -0.38827
0.027569 -0.40046
0.030075 -0.41707
0.032581 -0.42925
0.035088 -0.43984
0.037594 -0.44988
0.0401 -0.46149
0.042607 -0.47485
0.045113 -0.48462
0.047619 -0.49342
0.050125 -0.50187
0.052632 -0.51011
0.055138 -0.51808
0.057644 -0.52315
0.06015 -0.53219
0.062657 -0.53995
0.065163 -0.54735
0.067669 -0.55462
0.070175 -0.5618
0.072682 -0.56887
0.075188 -0.57584
0.077694 -0.58268
0.080201 -0.58941
0.082707 -0.59602
0.085213 -0.60251
0.087719 -0.60889
0.090226 -0.61516
0.092732 -0.62188
0.095238 -0.62926
0.097744 -0.63542
0.10025 -0.64137
0.10276 -0.64722
0.10526 -0.65298
0.10777 -0.65866
0.11028 -0.66427
0.11278 -0.6698
0.11529 -0.67526
0.11779 -0.68065
0.1203 -0.68598
0.12281 -0.69124
0.12531 -0.69643
0.12782 -0.70157
0.13033 -0.70664
0.13283 -0.71165
0.13534 -0.7166
0.13784 -0.72149
0.14035 -0.72633
0.14286 -0.73111
0.14536 -0.73583
0.14787 -0.7405
0.15038 -0.74512
0.15288 -0.74969
0.15539 -0.7542
0.15789 -0.75866
0.1604 -0.76308
0.16291 -0.76744
0.16541 -0.77176
0.16792 -0.77603
0.17043 -0.78025
0.17293 -0.78283
0.17544 -0.78757
0.17794 -0.79186
0.18045 -0.79599
0.18296 -0.80004
0.18546 -0.80402
0.18797 -0.80795
0.19048 -0.81183
0.19298 -0.81567
0.19549 -0.81946
0.19799 -0.82321
0.2005 -0.82692
0.20301 -0.83059
0.20551 -0.83422
0.20802 -0.83781
0.21053 -0.84136
0.21303 -0.84487
0.21554 -0.84834
0.21805 -0.85177
0.22055 -0.85517
0.22306 -0.85853
0.22556 -0.86185
0.22807 -0.86513
0.23058 -0.86838
0.23308 -0.87159
0.23559 -0.87477
0.2381 -0.87791
0.2406 -0.88102
0.24311 -0.88409
0.24561 -0.88713
0.24812 -0.89013
0.25063 -0.8931
0.25313 -0.89604
0.25564 -0.89894
0.25815 -0.90181
0.26065 -0.90465
0.26316 -0.90746
0.26566 -0.91023
0.26817 -0.91297
0.27068 -0.91568
0.27318 -0.91837
0.27569 -0.92102
0.2782 -0.92364
0.2807 -0.92623
0.28321 -0.92879
0.28571 -0.93132
0.28822 -0.93382
0.29073 -0.93629
0.29323 -0.93873
0.29574 -0.94115
0.29825 -0.94353
0.30075 -0.94589
0.30326 -0.94823
0.30576 -0.95053
0.30827 -0.95281
0.31078 -0.95506
0.31328 -0.95728
0.31579 -0.95948
0.3183 -0.96165
0.3208 -0.96379
0.32331 -0.96591
0.32581 -0.96801
0.32832 -0.97008
0.33083 -0.97212
0.33333 -0.97414
0.33584 -0.97614
0.33835 -0.97811
0.34085 -0.98006
0.34336 -0.98199
0.34586 -0.98389
0.34837 -0.98577
0.35088 -0.98762
0.35338 -0.98946
0.35589 -0.99127
0.3584 -0.99306
0.3609 -0.99483
0.36341 -0.99657
0.36591 -0.9983
0.36842 -1
0.37093 -1.0017
0.37343 -1.0033
0.37594 -1.005
0.37845 -1.0066
0.38095 -1.0082
0.38346 -1.0098
0.38596 -1.0114
0.38847 -1.0129
0.39098 -1.0144
0.39348 -1.0159
0.39599 -1.0174
0.3985 -1.0189
0.401 -1.0204
0.40351 -1.0218
0.40602 -1.0232
0.40852 -1.0246
0.41103 -1.026
0.41353 -1.0274
0.41604 -1.0287
0.41855 -1.0301
0.42105 -1.0314
0.42356 -1.0327
0.42607 -1.034
0.42857 -1.0352
0.43108 -1.0365
0.43358 -1.0377
0.43609 -1.039
0.4386 -1.0402
0.4411 -1.0414
0.44361 -1.0425
0.44612 -1.0437
0.44862 -1.0449
0.45113 -1.046
0.45363 -1.0471
0.45614 -1.0483
0.45865 -1.0494
0.46115 -1.0504
0.46366 -1.0515
0.46617 -1.0526
0.46867 -1.0536
0.47118 -1.0547
0.47368 -1.0557
0.47619 -1.0567
0.4787 -1.0577
0.4812 -1.0587
0.48371 -1.0597
0.48622 -1.0607
0.48872 -1.0616
0.49123 -1.0626
0.49373 -1.0635
0.49624 -1.0644
0.49875 -1.0654
0.50125 -1.0663
0.50376 -1.0672
0.50627 -1.0681
0.50877 -1.0689
0.51128 -1.0698
0.51378 -1.0707
0.51629 -1.0715
0.5188 -1.0723
0.5213 -1.0732
0.52381 -1.074
0.52632 -1.0748
0.52882 -1.0756
0.53133 -1.0764
0.53383 -1.0772
0.53634 -1.078
0.53885 -1.0788
0.54135 -1.0795
0.54386 -1.0803
0.54637 -1.0811
0.54887 -1.0818
0.55138 -1.0825
0.55388 -1.0833
0.55639 -1.084
0.5589 -1.0847
0.5614 -1.0854
0.56391 -1.0861
0.56642 -1.0868
0.56892 -1.0875
0.57143 -1.0882
0.57393 -1.0889
0.57644 -1.0895
0.57895 -1.0902
0.58145 -1.0909
0.58396 -1.0915
0.58647 -1.0922
0.58897 -1.0928
0.59148 -1.0934
0.59398 -1.0941
0.59649 -1.0947
0.599 -1.0953
0.6015 -1.0959
0.60401 -1.0966
0.60652 -1.0972
0.60902 -1.0978
0.61153 -1.0984
0.61404 -1.099
0.61654 -1.0996
0.61905 -1.1001
0.62155 -1.1007
0.62406 -1.1013
0.62657 -1.1019
0.62907 -1.1024
0.63158 -1.103
0.63409 -1.1036
0.63659 -1.1041
0.6391 -1.1047
0.6416 -1.1052
0.64411 -1.1058
0.64662 -1.1063
0.64912 -1.1069
0.65163 -1.1074
0.65414 -1.1079
0.65664 -1.1085
0.65915 -1.109
0.66165 -1.1095
0.66416 -1.11
0.66667 -1.1105
0.66917 -1.1111
0.67168 -1.1116
0.67419 -1.1121
0.67669 -1.1126
0.6792 -1.1131
0.6817 -1.1136
0.68421 -1.1141
0.68672 -1.1146
0.68922 -1.1151
0.69173 -1.1156
0.69424 -1.1161
0.69674 -1.1166
0.69925 -1.117
0.70175 -1.1175
0.70426 -1.118
0.70677 -1.1185
0.70927 -1.119
0.71178 -1.1194
0.71429 -1.1199
0.71679 -1.1204
0.7193 -1.1209
0.7218 -1.1213
0.72431 -1.1218
0.72682 -1.1223
0.72932 -1.1227
0.73183 -1.1232
0.73434 -1.1236
0.73684 -1.1241
0.73935 -1.1246
0.74185 -1.125
0.74436 -1.1255
0.74687 -1.1259
0.74937 -1.1264
0.75188 -1.1268
0.75439 -1.1273
0.75689 -1.1277
0.7594 -1.1282
0.7619 -1.1286
0.76441 -1.1291
0.76692 -1.1295
0.76942 -1.13
0.77193 -1.1304
0.77444 -1.1308
0.77694 -1.1313
0.77945 -1.1317
0.78195 -1.1322
0.78446 -1.1326
0.78697 -1.133
0.78947 -1.1335
0.79198 -1.1339
0.79449 -1.1343
0.79699 -1.1348
0.7995 -1.1352
0.80201 -1.1356
0.80451 -1.1361
0.80702 -1.1365
0.80952 -1.1369
0.81203 -1.1374
0.81454 -1.1378
0.81704 -1.1382
0.81955 -1.1387
0.82206 -1.1391
0.82456 -1.1395
0.82707 -1.1399
0.82957 -1.1404
0.83208 -1.1408
0.83459 -1.1412
0.83709 -1.1417
0.8396 -1.1421
0.84211 -1.1425
0.84461 -1.1429
0.84712 -1.1434
0.84962 -1.1438
0.85213 -1.1442
0.85464 -1.1446
0.85714 -1.1451
0.85965 -1.1455
0.86216 -1.1459
0.86466 -1.1464
0.86717 -1.1468
0.86967 -1.1472
0.87218 -1.1476
0.87469 -1.1481
0.87719 -1.1495
0.8797 -1.1501
0.88221 -1.1506
0.88471 -1.1511
0.88722 -1.1516
0.88972 -1.152
0.89223 -1.1525
0.89474 -1.1529
0.89724 -1.1534
0.89975 -1.1538
0.90226 -1.1542
0.90476 -1.1546
0.90727 -1.1551
0.90977 -1.1555
0.91228 -1.1559
0.91479 -1.1563
0.91729 -1.1568
0.9198 -1.1572
0.92231 -1.1576
0.92481 -1.158
0.92732 -1.1585
0.92982 -1.1589
0.93233 -1.1593
0.93484 -1.1597
0.93734 -1.1602
0.93985 -1.1606
0.94236 -1.161
0.94486 -1.1614
0.94737 -1.1619
0.94987 -1.1623
0.95238 -1.1627
0.95489 -1.1632
0.95739 -1.1636
0.9599 -1.164
0.96241 -1.1644
0.96491 -1.1649
0.96742 -1.1653
0.96992 -1.1657
0.97243 -1.1662
0.97494 -1.1666
0.97744 -1.167
0.97995 -1.1675
0.98246 -1.1679
0.98496 -1.1683
0.98747 -1.1687
0.98997 -1.1692
0.99248 -1.1696
0.99499 -1.17
0.99749 -1.1705
1 -1.1709
