0 -0.00017384
0.0020704 -0.00036144
0.0041408 -0.00056028
0.0062112 -0.00077802
0.0082816 -0.0010042
0.010352 -0.0012364
0.012422 -0.0014737
0.014493 -0.0017149
0.016563 -0.0019662
0.018634 -0.0022266
0.020704 -0.0024943
0.022774 -0.0027678
0.024845 -0.0030479
0.026915 -0.0033368
0.028986 -0.0036322
0.031056 -0.0039327
0.033126 -0.0042375
0.035197 -0.0045463
0.037267 -0.0048597
0.039337 -0.0051796
0.041408 -0.0055038
0.043478 -0.0058318
0.045549 -0.0061633
0.047619 -0.0064982
0.049689 -0.0068365
0.05176 -0.007178
0.05383 -0.0075223
0.055901 -0.0078709
0.057971 -0.0082229
0.060041 -0.0085777
0.062112 -0.0089354
0.064182 -0.0092958
0.066253 -0.0096588
0.068323 -0.010024
0.070393 -0.010392
0.072464 -0.010763
0.074534 -0.011135
0.076605 -0.011511
0.078675 -0.01189
0.080745 -0.012271
0.082816 -0.012653
0.084886 -0.013038
0.086957 -0.013425
0.089027 -0.013814
0.091097 -0.014205
0.093168 -0.014598
0.095238 -0.014993
0.097308 -0.015389
0.099379 -0.015788
0.10145 -0.016188
0.10352 -0.01659
0.10559 -0.016993
0.10766 -0.017398
0.10973 -0.017805
0.1118 -0.018213
0.11387 -0.018624
0.11594 -0.019036
0.11801 -0.019449
0.12008 -0.019864
0.12215 -0.020281
0.12422 -0.020699
0.12629 -0.021118
0.12836 -0.021539
0.13043 -0.021961
0.13251 -0.022385
0.13458 -0.02281
0.13665 -0.023236
0.13872 -0.023663
0.14079 -0.024092
0.14286 -0.024522
0.14493 -0.024953
0.147 -0.025385
0.14907 -0.025818
0.15114 -0.026253
0.15321 -0.026689
0.15528 -0.027125
0.15735 -0.027563
0.15942 -0.028002
0.16149 -0.028442
0.16356 -0.028883
0.16563 -0.029325
0.1677 -0.029768
0.16977 -0.030212
0.17184 -0.030657
0.17391 -0.031103
0.17598 -0.031549
0.17805 -0.031997
0.18012 -0.032446
0.18219 -0.032895
0.18427 -0.033345
0.18634 -0.033796
0.18841 -0.034248
0.19048 -0.034701
0.19255 -0.035154
0.19462 -0.035609
0.19669 -0.036064
0.19876 -0.036521
0.20083 -0.036978
0.2029 -0.037436
0.20497 -0.037895
0.20704 -0.038354
0.20911 -0.038814
0.21118 -0.039275
0.21325 -0.039736
0.21532 -0.040199
0.21739 -0.040661
0.21946 -0.041125
0.22153 -0.041589
0.2236 -0.042053
0.22567 -0.042518
0.22774 -0.042984
0.22981 -0.04345
0.23188 -0.043917
0.23395 -0.044385
0.23602 -0.044853
0.2381 -0.045321
0.24017 -0.04579
0.24224 -0.04626
0.24431 -0.046729
0.24638 -0.0472
0.24845 -0.047671
0.25052 -0.048142
0.25259 -0.048614
0.25466 -0.049086
0.25673 -0.049558
0.2588 -0.050031
0.26087 -0.050505
0.26294 -0.050978
0.26501 -0.051452
0.26708 -0.051927
0.26915 -0.052402
0.27122 -0.052877
0.27329 -0.053352
0.27536 -0.053828
0.27743 -0.054304
0.2795 -0.05478
0.28157 -0.055257
0.28364 -0.055733
0.28571 -0.056211
0.28778 -0.056688
0.28986 -0.057165
0.29193 -0.057643
0.294 -0.058121
0.29607 -0.058599
0.29814 -0.059078
0.30021 -0.059556
0.30228 -0.060035
0.30435 -0.060514
0.30642 -0.060993
0.30849 -0.061472
0.31056 -0.061951
0.31263 -0.062431
0.3147 -0.06291
0.31677 -0.06339
0.31884 -0.06387
0.32091 -0.064349
0.32298 -0.064829
0.32505 -0.065309
0.32712 -0.065789
0.32919 -0.066269
0.33126 -0.066749
0.33333 -0.067229
0.3354 -0.067709
0.33747 -0.068189
0.33954 -0.068668
0.34161 -0.069148
0.34369 -0.069628
0.34576 -0.070107
0.34783 -0.070587
0.3499 -0.071067
0.35197 -0.071546
0.35404 -0.072026
0.35611 -0.072505
0.35818 -0.072984
0.36025 -0.073463
0.36232 -0.073942
0.36439 -0.074421
0.36646 -0.0749
0.36853 -0.075379
0.3706 -0.075857
0.37267 -0.076336
0.37474 -0.076814
0.37681 -0.077292
0.37888 -0.077769
0.38095 -0.078247
0.38302 -0.078724
0.38509 -0.079202
0.38716 -0.079678
0.38923 -0.080155
0.3913 -0.080632
0.39337 -0.081108
0.39545 -0.081584
0.39752 -0.082059
0.39959 -0.082535
0.40166 -0.08301
0.40373 -0.083484
0.4058 -0.083959
0.40787 -0.084433
0.40994 -0.084907
0.41201 -0.08538
0.41408 -0.085853
0.41615 -0.086326
0.41822 -0.086798
0.42029 -0.08727
0.42236 -0.087742
0.42443 -0.088213
0.4265 -0.088684
0.42857 -0.089155
0.43064 -0.089625
0.43271 -0.090094
0.43478 -0.090563
0.43685 -0.091032
0.43892 -0.0915
0.44099 -0.091968
0.44306 -0.092435
0.44513 -0.092902
0.4472 -0.093369
0.44928 -0.093835
0.45135 -0.0943
0.45342 -0.094765
0.45549 -0.095229
0.45756 -0.095693
0.45963 -0.096156
0.4617 -0.096619
0.46377 -0.097081
0.46584 -0.097543
0.46791 -0.098004
0.46998 -0.098464
0.47205 -0.098924
0.47412 -0.099383
0.47619 -0.099842
0.47826 -0.1003
0.48033 -0.10076
0.4824 -0.10121
0.48447 -0.10167
0.48654 -0.10213
0.48861 -0.10258
0.49068 -0.10303
0.49275 -0.10349
0.49482 -0.10394
0.49689 -0.10439
0.49896 -0.10484
0.50104 -0.1053
0.50311 -0.10575
0.50518 -0.10619
0.50725 -0.10664
0.50932 -0.10709
0.51139 -0.10754
0.51346 -0.10798
0.51553 -0.10843
0.5176 -0.10888
0.51967 -0.10932
0.52174 -0.10976
0.52381 -0.1102
0.52588 -0.11065
0.52795 -0.11109
0.53002 -0.11153
0.53209 -0.11197
0.53416 -0.1124
0.53623 -0.11284
0.5383 -0.11328
0.54037 -0.11371
0.54244 -0.11415
0.54451 -0.11458
0.54658 -0.11502
0.54865 -0.11545
0.55072 -0.11588
0.5528 -0.11631
0.55487 -0.11674
0.55694 -0.11717
0.55901 -0.1176
0.56108 -0.11802
0.56315 -0.11845
0.56522 -0.11887
0.56729 -0.1193
0.56936 -0.11972
0.57143 -0.12014
0.5735 -0.12056
0.57557 -0.12098
0.57764 -0.1214
0.57971 -0.12182
0.58178 -0.12223
0.58385 -0.12265
0.58592 -0.12306
0.58799 -0.12348
0.59006 -0.12389
0.59213 -0.1243
0.5942 -0.12471
0.59627 -0.12512
0.59834 -0.12553
0.60041 -0.12593
0.60248 -0.12634
0.60455 -0.12674
0.60663 -0.12715
0.6087 -0.12755
0.61077 -0.12795
0.61284 -0.12835
0.61491 -0.12875
0.61698 -0.12915
0.61905 -0.12954
0.62112 -0.12994
0.62319 -0.13033
0.62526 -0.13072
0.62733 -0.13111
0.6294 -0.1315
0.63147 -0.13189
0.63354 -0.13228
0.63561 -0.13267
0.63768 -0.13305
0.63975 -0.13343
0.64182 -0.13382
0.64389 -0.1342
0.64596 -0.13458
0.64803 -0.13496
0.6501 -0.13533
0.65217 -0.13571
0.65424 -0.13608
0.65631 -0.13646
0.65839 -0.13683
0.66046 -0.1372
0.66253 -0.13756
0.6646 -0.13793
0.66667 -0.1383
0.66874 -0.13866
0.67081 -0.13902
0.67288 -0.13939
0.67495 -0.13975
0.67702 -0.1401
0.67909 -0.14046
0.68116 -0.14082
0.68323 -0.14117
0.6853 -0.14152
0.68737 -0.14187
0.68944 -0.14222
0.69151 -0.14257
0.69358 -0.14292
0.69565 -0.14326
0.69772 -0.1436
0.69979 -0.14394
0.70186 -0.14428
0.70393 -0.14462
0.706 -0.14496
0.70807 -0.14529
0.71014 -0.14562
0.71222 -0.14596
0.71429 -0.14629
0.71636 -0.14661
0.71843 -0.14694
0.7205 -0.14726
0.72257 -0.14759
0.72464 -0.14791
0.72671 -0.14823
0.72878 -0.14854
0.73085 -0.14886
0.73292 -0.14917
0.73499 -0.14949
0.73706 -0.1498
0.73913 -0.1501
0.7412 -0.15041
0.74327 -0.15072
0.74534 -0.15102
0.74741 -0.15132
0.74948 -0.15162
0.75155 -0.15191
0.75362 -0.15221
0.75569 -0.1525
0.75776 -0.15279
0.75983 -0.15308
0.7619 -0.15337
0.76398 -0.15366
0.76605 -0.15394
0.76812 -0.15422
0.77019 -0.1545
0.77226 -0.15478
0.77433 -0.15505
0.7764 -0.15533
0.77847 -0.1556
0.78054 -0.15587
0.78261 -0.15613
0.78468 -0.1564
0.78675 -0.15666
0.78882 -0.15692
0.79089 -0.15718
0.79296 -0.15744
0.79503 -0.15769
0.7971 -0.15794
0.79917 -0.15819
0.80124 -0.15844
0.80331 -0.15869
0.80538 -0.15893
0.80745 -0.15917
0.80952 -0.15941
0.81159 -0.15965
0.81366 -0.15988
0.81573 -0.16011
0.81781 -0.16034
0.81988 -0.16057
0.82195 -0.1608
0.82402 -0.16102
0.82609 -0.16124
0.82816 -0.16146
0.83023 -0.16167
0.8323 -0.16189
0.83437 -0.1621
0.83644 -0.16231
0.83851 -0.16252
0.84058 -0.16272
0.84265 -0.16292
0.84472 -0.16312
0.84679 -0.16332
0.84886 -0.16351
0.85093 -0.1637
0.853 -0.16389
0.85507 -0.16408
0.85714 -0.16426
0.85921 -0.16445
0.86128 -0.16462
0.86335 -0.1648
0.86542 -0.16498
0.86749 -0.16515
0.86957 -0.16532
0.87164 -0.16548
0.87371 -0.16565
0.87578 -0.16581
0.87785 -0.16597
0.87992 -0.16612
0.88199 -0.16628
0.88406 -0.16643
0.88613 -0.16658
0.8882 -0.16672
0.89027 -0.16686
0.89234 -0.167
0.89441 -0.16714
0.89648 -0.16728
0.89855 -0.16741
0.90062 -0.16754
0.90269 -0.16767
0.90476 -0.16779
0.90683 -0.16791
0.9089 -0.16803
0.91097 -0.16815
0.91304 -0.16826
0.91511 -0.16837
0.91718 -0.16848
0.91925 -0.16858
0.92133 -0.16868
0.9234 -0.16878
0.92547 -0.16888
0.92754 -0.16897
0.92961 -0.16906
0.93168 -0.16915
0.93375 -0.16924
0.93582 -0.16932
0.93789 -0.1694
0.93996 -0.16948
0.94203 -0.16955
0.9441 -0.16962
0.94617 -0.16969
0.94824 -0.16976
0.95031 -0.16982
0.95238 -0.16988
0.95445 -0.16993
0.95652 -0.16999
0.95859 -0.17004
0.96066 -0.17009
0.96273 -0.17013
0.9648 -0.17018
0.96687 -0.17022
0.96894 -0.17025
0.97101 -0.17029
0.97308 -0.17032
0.97516 -0.17034
0.97723 -0.17037
0.9793 -0.17039
0.98137 -0.17041
0.98344 -0.17043
0.98551 -0.17044
0.98758 -0.17045
0.98965 -0.17046
0.99172 -0.17047
0.99379 -0.17047
0.99586 -0.17047
0.99793 -0.17047
1 -0.17047
