t shear free
 0.0025 0.8332781 0.8332781
 0.005 0.8337029 0.8337034
 0.0075 0.8341339 0.8341347
 0.01 0.8345723 0.8345733
 0.0125 0.8350201 0.835021
 0.015 0.8354784 0.835479
 0.0175 0.8359478 0.8359479
 0.02 0.8364282 0.8364277
 0.0225 0.8369193 0.8362632
 0.025 0.8367107 0.8367787
 0.0275 0.8372386000000001 0.8373019
 0.03 0.8377753999999999 0.8378325
 0.0325 0.8383207 0.8383708
 0.035 0.8388742 0.8389171
 0.03750000000000001 0.839436 0.8394713
 0.04 0.8400059 0.8400333
 0.0425 0.8405835 0.8406031
 0.04500000000000001 0.8411684 0.8411801
 0.0475 0.8417603 0.8417642
 0.05 0.8423587 0.8423549
 0.0525 0.8429632 0.8429518
 0.055 0.8435735 0.8435547
 0.0575 0.8441892 0.8441631000000001
 0.06 0.8440185 0.844156
 0.0625 0.8446469 0.8447792
 0.065 0.8452843 0.8454118
 0.0675 0.845928 0.846051
 0.07000000000000001 0.8465767 0.8466954
 0.07250000000000001 0.8472298 0.8473443000000001
 0.075 0.8478869 0.8479972
 0.0775 0.8485476 0.8486538
 0.08 0.8492119 0.849314
 0.0825 0.8498796 0.8499776
 0.08500000000000001 0.8505507 0.8506443
 0.08750000000000001 0.851225 0.8513142
 0.09 0.8519025 0.8519871999999999
 0.0925 0.8525831 0.8526631
 0.095 0.8532668 0.8533418
 0.0975 0.8538782 0.8540234
 0.1 0.8545666 0.8547077
 0.1025 0.8552612000000001 0.8553947
 0.105 0.8559601999999999 0.8560844
 0.1075 0.8566629 0.8567765000000001
 0.11 0.857369 0.8574712
 0.1125 0.8580781 0.8580475
 0.115 0.8587901 0.8587474
 0.1175 0.8595048 0.8594522999999999
 0.12 0.8602221 0.8601607
 0.1225 0.8609418 0.8608721
 0.125 0.8616639 0.8615859
 0.1275 0.8623883 0.8623021
 0.13 0.8631148 0.8630204
 0.1325 0.8638433 0.8637409
 0.135 0.8645737999999999 0.8644633
 0.1375 0.8653063 0.8651875
 0.14 0.8660406 0.8659136
 0.1425 0.8667766 0.8666415
 0.145 0.8675144 0.867371
 0.1475 0.8682538 0.8681022
 0.15 0.8689948 0.8688349
 0.1525 0.8697374 0.8695691
 0.155 0.8704815 0.8703048
 0.1575 0.871227 0.8710419
 0.16 0.8719739 0.8717804
 0.1625 0.8727222 0.8725202
 0.165 0.8734717 0.8732612
 0.1675 0.8742226 0.8740036
 0.17 0.8749747 0.8747471
 0.1725 0.875728 0.8754917
 0.175 0.8764824 0.8762375
 0.1775 0.8772379 0.8769844
 0.18 0.8779945 0.8777323
 0.1825 0.8787522 0.8784812
 0.185 0.8795108 0.879231
 0.1875 0.8802704 0.8799818
 0.19 0.8815796 0.8807334999999999
 0.1925 0.8823415 0.881486
 0.195 0.8831059 0.8822392999999999
 0.1975 0.8838718 0.8829934
 0.2 0.8846391 0.8837482
 0.2025 0.8854073 0.8845037
 0.205 0.8861766 0.8852599
 0.2075 0.8869467 0.8862624
 0.21 0.8877176 0.8870174
 0.2125 0.8884893 0.8877742
 0.215 0.8892618 0.8885323000000001
 0.2175 0.8900349 0.8892914
 0.22 0.8908087 0.8900514
 0.2225 0.8915831 0.890812
 0.225 0.8923581 0.8915732
 0.2275 0.8931336 0.8923349
 0.23 0.8939097 0.8930971
 0.2325 0.8946862 0.8938597
 0.235 0.8954632 0.8946227
 0.2375 0.8962405 0.895386
 0.24 0.8970182 0.8961496
 0.2425 0.8977962 0.8969134
 0.245 0.8985746 0.8976775
 0.2475 0.8993531 0.8984418
 0.25 0.9001319 0.8992062
 0.2525 0.9009108 0.8999708
 0.255 0.9016899 0.9007355
 0.2575 0.9024691 0.9015002
 0.26 0.9032483 0.902265
 0.2625 0.9040276 0.9030298
 0.265 0.9048068 0.9037946
 0.2675 0.905586 0.9045594
 0.27 0.9063651 0.9053241
 0.2725 0.907144 0.9060886
 0.275 0.9079228 0.9068531
 0.2775 0.9087013 0.9076174
 0.28 0.9094796000000001 0.9083815
 0.2825 0.9102576 0.9091453
 0.285 0.9110353 0.909909
 0.2875 0.9118126 0.9106723
 0.29 0.9125895000000001 0.9114354
 0.2925 0.9133659 0.9121981
 0.295 0.9141419 0.9129605
 0.2975 0.9149173 0.9137225
 0.3 0.9156921 0.9144841
 0.3025 0.9164664 0.9152453
 0.305 0.9172400000000001 0.9160059
 0.3075 0.9180129 0.9167661
 0.31 0.9187851 0.9175257999999999
 0.3125 0.9195565999999999 0.9182849
 0.315 0.9203272 0.9190435
 0.3175 0.9210971 0.9198014
 0.32 0.921866 0.9205587
 0.3225 0.922634 0.9213154
 0.325 0.9234011 0.9220713
 0.3275 0.9241672 0.9228266000000001
 0.33 0.9249323 0.9235811
 0.3325 0.9256964 0.9243348
 0.335 0.9264593 0.9250878
 0.3375 0.9272211 0.9258399
 0.34 0.9279818 0.9265911999999999
 0.3425 0.9287412 0.9273416
 0.345 0.9294995 0.9280910999999999
 0.3475 0.9302564 0.9288397
 0.35 0.9310121 0.9295873
 0.3525 0.9317664 0.9303339
 0.355 0.9325193000000001 0.9310794999999999
 0.3575 0.9332708 0.931824
 0.36 0.9340209 0.9325675
 0.3625 0.9347694 0.9333099
 0.365 0.9355165 0.9340512
 0.3675 0.936262 0.9347913
 0.37 0.9370058999999999 0.9355302
 0.3725 0.9377482 0.9362678
 0.375 0.9384888 0.9370043
 0.3775 0.9392277999999999 0.9377394
 0.38 0.9399650000000001 0.9384733
 0.3825 0.9407004 0.9392058
 0.385 0.9414341000000001 0.9399369
 0.3875 0.9421659 0.9406666
 0.39 0.9428958 0.9413949
 0.3925 0.9436238 0.9421218
 0.395 0.9443498 0.9428471
 0.3975 0.9450739 0.9435708
 0.4 0.9457959 0.944293
 0.4025 0.9465159 0.9450136
 0.405 0.9472337 0.9457326
 0.4075 0.9479494000000001 0.9464498
 0.41 0.948663 0.9471654
 0.4125 0.9493743 0.9478792
 0.415 0.9500833 0.9485912
 0.4175 0.95079 0.9493013
 0.42 0.9514944 0.9500096
 0.4225 0.9521964000000001 0.9507158999999999
 0.425 0.9533007 0.9514203
 0.4275 0.9539976999999999 0.9521227
 0.43 0.9546934 0.952823
 0.4325 0.9553873000000001 0.9535213
 0.435 0.9560792 0.9542174
 0.4375 0.9567688 0.9549113
 0.44 0.957456 0.9556029
 0.4425 0.9581407 0.9562923
 0.445 0.9588227 0.9569793
 0.4475 0.959502 0.9576639
 0.45 0.9601785 0.9583461
 0.4525 0.9608521 0.9590258
 0.455 0.9615228 0.9597029
 0.4575 0.9621904999999999 0.9603774
 0.46 0.9628552 0.9610492
 0.4625 0.9635169 0.9620521
 0.465 0.9641753 0.9627176
 0.4675 0.9648305 0.9633814000000001
 0.47 0.9654825 0.9640431
 0.4725 0.9661311 0.9647025
 0.475 0.9667764 0.9653593
 0.4775 0.9674180999999999 0.9660132
 0.48 0.9680564 0.9666642
 0.4825 0.9686911 0.9673122
 0.485 0.9693221 0.9679569
 0.4875 0.9699494 0.9685983
 0.49 0.9705729 0.9692364
 0.4925 0.9711925 0.969871
 0.495 0.9718082 0.970502
 0.4975 0.9724199 0.9711294
 0.5 0.9730276 0.971753
 0.5024999999999999 0.973631 0.9723728
 0.5049999999999999 0.9742303 0.9729886
 0.5075 0.9748251999999999 0.9736005
 0.5099999999999999 0.9754157 0.9742083
 0.5125 0.9760018 0.9748118
 0.5149999999999999 0.9765832 0.9754111
 0.5175 0.9771601 0.976006
 0.5199999999999999 0.9777322000000001 0.9765964
 0.5225 0.9782994 0.9771822
 0.5249999999999999 0.9788616999999999 0.9777633
 0.5275 0.979419 0.9783396
 0.5299999999999999 0.9799712 0.9789111
 0.5325 0.9805182 0.9794775
 0.5349999999999999 0.9810598 0.9800388
 0.5375 0.981596 0.9805948
 0.5399999999999999 0.9821267 0.9811455
 0.5425 0.9826518 0.9816908
 0.5449999999999999 0.9831711 0.9822303999999999
 0.5475 0.9839182 0.9827644
 0.5499999999999999 0.9844227 0.9832925
 0.5525 0.9849229 0.9838147
 0.5549999999999999 0.985418 0.9843308
 0.5575 0.9859074 0.9848406
 0.5599999999999999 0.9863908 0.9853440999999999
 0.5625 0.9868681 0.9858412
 0.5649999999999999 0.9873391 0.9863316
 0.5674999999999999 0.9878034 0.9868153
 0.57 0.9882611 0.9872921
 0.5724999999999999 0.9887119 0.9877618
 0.575 0.9891558 0.9882244
 0.5774999999999999 0.9895924 0.9886797000000001
 0.58 0.9900218 0.9891275
 0.5824999999999999 0.9904437 0.9895677000000001
 0.585 0.9908581 0.9900002
 0.5874999999999999 0.9912647 0.9904247
 0.59 0.9916634 0.9908413
 0.5924999999999999 0.9920541 0.9912497
 0.595 0.9924366 0.9916497
 0.5974999999999999 0.9928108 0.9920413
 0.6 0.9931765 0.9924243
 0.6024999999999999 0.9935335 0.9929291
 0.605 0.9938817 0.9932951
 0.6074999999999999 0.994221 0.9936544
 0.61 0.9946843 0.9940059999999999
 0.6124999999999999 0.9950025 0.9943492
 0.615 0.9953143 0.9946835000000001
 0.6174999999999999 0.9956178 0.9950087
 0.62 0.9959123 0.9953246
 0.6224999999999999 0.9961973 0.995631
 0.625 0.9964727 0.9959278
 0.6274999999999999 0.9967382 0.9962148
 0.6299999999999999 0.9969936 0.9964918
 0.6325 0.9972388 0.9967587999999999
 0.6349999999999999 0.9974736 0.9970155000000001
 0.6375 0.9976978 0.9972619
 0.6399999999999999 0.9979115 0.9974978
 0.6425 0.9981954 0.997723
 0.6449999999999999 0.9983787 0.9979376
 0.6475 0.9985551 0.9981414
 0.6499999999999999 0.998722 0.9983341999999999
 0.6525 0.9988785999999999 0.998516
 0.6549999999999999 0.9990245 0.9986868
 0.6575 0.9991594 0.9988464
 0.6599999999999999 0.9992835 0.9989949
 0.6625 0.9993967 0.9991323
 0.6649999999999999 0.9994991 0.9992587000000001
 0.6675 0.9995911 0.9993741
 0.6699999999999999 0.999703 0.9995146
 0.6725 0.9997683000000001 0.9996080000000001
 0.6749999999999999 0.9998267 0.9996936
 0.6775 0.999876 0.9997684999999999
 0.6799999999999999 0.999916 0.9998321999999999
 0.6825 0.9999472 0.9998846
 0.6849999999999999 1 0.9999262
 0.6875 1 0.9999575000000001
 0.6899999999999999 1 0.9999794
 0.6924999999999999 1 1
 0.695 1 1
 0.6974999999999999 1 1
 0.7 1 1
 0.7024999999999999 1 1
 0.705 1 1
 0.7074999999999999 1 1
 0.71 1 1
 0.7124999999999999 1 1
 0.715 1 1
 0.7174999999999999 1 1
 0.72 1 1
 0.7224999999999999 1 1
 0.725 1 1
 0.7274999999999999 1 1
 0.73 1 1
 0.7324999999999999 1 1
 0.735 1 1
 0.7374999999999999 1 1
 0.74 1 1
 0.7424999999999999 1 1
 0.745 1 1
 0.7474999999999999 1 1
 0.75 1 1
 0.7524999999999999 1 1
 0.7549999999999999 1 1
 0.7575 1 1
 0.7599999999999999 1 1
 0.7625 1 1
 0.7649999999999999 1 1
 0.7675 1 1
 0.7699999999999999 1 1
 0.7725 1 1
 0.7749999999999999 1 1
 0.7775 1 1
 0.7799999999999999 1 1
 0.7825 1 1
 0.7849999999999999 1 1
 0.7875 1 1
 0.7899999999999999 1 1
 0.7925 1 1
 0.7949999999999999 1 1
 0.7975 1 1
 0.7999999999999999 1 1
 0.8025 1 1
 0.8049999999999999 1 1
 0.8075 1 1
 0.8099999999999999 1 1
 0.8125 1 1
 0.8149999999999999 1 1
 0.8174999999999999 1 1
 0.82 1 1
 0.8224999999999999 1 1
 0.825 1 1
 0.8274999999999999 1 1
 0.83 1 1
 0.8324999999999999 1 1
 0.835 1 1
 0.8374999999999999 1 1
 0.84 1 1
 0.8424999999999999 1 1
 0.845 1 1
 0.8474999999999999 1 1
 0.85 1 1
 0.8524999999999999 1 1
 0.855 1 1
 0.8574999999999999 1 1
 0.86 1 1
 0.8624999999999999 1 1
 0.865 1 1
 0.8674999999999999 1 1
 0.87 1 1
 0.8724999999999999 1 1
 0.875 1 1
 0.8774999999999999 1 1
 0.8799999999999999 1 1
 0.8825 1 1
 0.8849999999999999 1 1
 0.8875 1 1
 0.8899999999999999 1 1
 0.8925 1 1
 0.8949999999999999 1 1
 0.8975 1 1
 0.8999999999999999 1 1
 0.9025 1 1
 0.9049999999999999 1 1
 0.9075 1 1
 0.9099999999999999 1 1
 0.9125 1 1
 0.9149999999999999 1 1
 0.9175 1 1
 0.9199999999999999 1 1
 0.9225 1 1
 0.9249999999999999 1 1
 0.9275 1 1
 0.9299999999999999 1 1
 0.9325 1 1
 0.9349999999999999 1 1
 0.9375 1 1
 0.9399999999999999 1 1
 0.9424999999999999 1 1
 0.945 1 1
 0.9474999999999999 1 1
 0.95 1 1
 0.9524999999999999 1 1
 0.955 1 1
 0.9574999999999999 1 1
 0.96 1 1
 0.9624999999999999 1 1
 0.965 1 1
 0.9674999999999999 1 1
 0.97 1 1
 0.9724999999999999 1 1
 0.975 1 1
 0.9774999999999999 1 1
 0.98 1 1
 0.9824999999999999 1 1
 0.985 1 1
 0.9874999999999999 1 1
 0.99 1 1
 0.9924999999999999 1 1
 0.995 1 1
 0.9974999999999999 1 1
 1 1 1


