x y p
  -5.2438370e-01   2.5376680e-03  -1.0644090e+00
   5.2536550e-01   2.2270030e-03  -1.0869730e+00
   1.7466760e-03   5.2449840e-01  -1.0654180e+00
  -5.3335220e-04  -5.2381880e-01  -1.0640660e+00
  -1.0000000e+00  -1.0000000e+00  -4.4377190e-01
  -7.3692610e-01  -1.0000000e+00  -4.3483680e-01
  -5.5219700e-01  -1.0000000e+00  -4.2134690e-01
  -4.2639710e-01  -1.0000000e+00  -4.1381950e-01
  -3.1001820e-01  -1.0000000e+00  -5.4824480e-01
  -1.9183600e-01  -1.0000000e+00  -4.4730800e-01
  -6.8162450e-02  -1.0000000e+00  -7.0515440e-01
   4.9957680e-02  -1.0000000e+00  -6.9772400e-01
   1.7746990e-01  -1.0000000e+00  -5.9685820e-01
   3.0217560e-01  -1.0000000e+00  -5.0396680e-01
   4.3173640e-01  -1.0000000e+00  -4.3607500e-01
   5.6134700e-01  -1.0000000e+00  -4.1442570e-01
   7.4489320e-01  -1.0000000e+00  -4.2353760e-01
  -1.0000000e+00  -7.4570460e-01  -4.3279480e-01
  -8.2084120e-01  -8.2952550e-01  -4.4123100e-01
  -6.1760950e-01  -8.6124990e-01  -4.4480600e-01
  -4.5442970e-01  -8.7618910e-01  -4.6551400e-01
  -3.0006930e-01  -8.7699590e-01  -5.7058080e-01
  -1.4948930e-01  -8.7129800e-01  -6.6739090e-01
  -1.7958870e-02  -8.2837760e-01  -6.8177150e-01
   8.8067820e-02  -8.6636710e-01  -6.8142820e-01
   2.1528240e-01  -8.5941220e-01  -6.8581620e-01
   3.4678370e-01  -8.6762100e-01  -5.3699790e-01
   4.8700620e-01  -8.6324840e-01  -4.5772880e-01
   6.4346080e-01  -8.4281590e-01  -4.3938340e-01
   1.0000000e+00  -1.0000000e+00  -4.3315740e-01
  -7.3746490e-01  -6.9794870e-01  -4.5221990e-01
  -6.0355290e-01  -7.2737260e-01  -4.5358860e-01
  -4.7977940e-01  -7.5411010e-01  -4.6621730e-01
  -3.4932790e-01  -7.5613720e-01  -5.2568500e-01
  -2.1802920e-01  -7.4645070e-01  -6.0288770e-01
  -9.2379330e-02  -7.2853460e-01  -8.7303930e-01
   1.0553300e-01  -7.3174750e-01  -8.8274800e-01
   2.4768730e-01  -7.2974770e-01  -5.1568720e-01
   3.8993410e-01  -7.4334400e-01  -5.1825340e-01
   4.5268230e-01  -6.2307380e-01  -4.2960670e-01
   5.4179770e-01  -7.2751480e-01  -4.5573600e-01
   8.3072270e-01  -8.0806720e-01  -4.3179790e-01
  -1.0000000e+00  -5.6860980e-01  -4.2598290e-01
  -8.5759880e-01  -6.1425850e-01  -4.5245880e-01
  -6.7634880e-01  -5.6683310e-01  -4.6073380e-01
  -5.5215950e-01  -6.0686490e-01  -4.4394920e-01
  -4.1902140e-01  -6.2964730e-01  -4.4729910e-01
  -2.8657450e-01  -6.2036080e-01  -4.4291090e-01
  -1.5774160e-01  -6.0367820e-01  -9.0599710e-01
  -3.8949050e-02  -5.1546240e-01  -9.4954600e-01
   3.8459240e-02  -5.1572790e-01  -9.3682850e-01
   1.7042740e-01  -5.9802930e-01  -8.4578120e-01
   3.1658630e-01  -6.0482980e-01  -4.6084740e-01
   4.3438350e-01  -4.9500670e-01  -4.6852850e-01
   5.8001590e-01  -5.7610730e-01  -4.3325650e-01
   6.9871990e-01  -6.7756600e-01  -4.4208070e-01
   8.5585080e-01  -6.0913830e-01  -4.4010050e-01
   1.0000000e+00  -7.1969340e-01  -4.2222930e-01
  -1.0000000e+00  -4.5134400e-01  -4.3599560e-01
  -8.8003520e-01  -4.5052490e-01  -4.7038490e-01
  -7.7084310e-01  -4.9529120e-01  -4.7250110e-01
  -6.2436750e-01  -4.4333110e-01  -5.0737360e-01
  -5.0408740e-01  -4.9811030e-01  -4.0549710e-01
  -3.7323790e-01  -4.9563170e-01  -3.3509890e-01
  -2.4235400e-01  -4.7779760e-01  -1.1779270e-01
  -1.1903760e-01  -4.5561270e-01  -3.0728290e-01
   1.2150420e-01  -4.5447130e-01  -2.9026510e-01
   2.6817580e-01  -4.7535140e-01  -1.0751510e-01
   5.0036490e-01  -3.7874810e-01  -4.7319230e-01
   6.0499290e-01  -4.5083870e-01  -4.0461350e-01
   7.3117520e-01  -5.2171630e-01  -4.5971790e-01
   8.7140350e-01  -4.5483760e-01  -4.6188400e-01
   1.0000000e+00  -5.2516490e-01  -4.1111800e-01
  -1.0000000e+00  -3.3854080e-01  -4.9881240e-01
  -8.6649620e-01  -3.0885730e-01  -5.6839290e-01
  -7.4295270e-01  -3.6615720e-01  -5.3072230e-01
  -6.1115050e-01  -3.0405690e-01  -4.4001990e-01
  -4.8503180e-01  -3.7413580e-01  -4.8217410e-01
  -3.4837350e-01  -3.5923290e-01   6.9408590e-02
  -2.1876230e-01  -3.3677950e-01   1.0249380e-01
   2.1809830e-01  -3.3929670e-01   6.6314250e-02
   3.5715690e-01  -3.6251380e-01   6.2785420e-02
   4.7015420e-01  -2.5309530e-01  -7.8912070e-02
   6.2487930e-01  -3.0322590e-01  -4.4689450e-01
   7.4545390e-01  -3.8159490e-01  -5.1588980e-01
   8.7538660e-01  -3.0380030e-01  -5.6178680e-01
   1.0000000e+00  -3.7440760e-01  -4.7840460e-01
  -1.0000000e+00  -2.2524700e-01  -3.9869180e-01
  -8.6430960e-01  -1.6938490e-01  -6.5769920e-01
  -7.3574910e-01  -2.3015460e-01  -5.7313840e-01
  -5.9369280e-01  -1.7052170e-01  -8.3665020e-01
  -4.6989190e-01  -2.4571540e-01  -1.8840090e-02
  -3.3408070e-01  -2.2300730e-01   2.4462140e-02
   3.3189310e-01  -2.2387990e-01   8.9662170e-02
   4.5340810e-01  -1.2274530e-01  -2.8442470e-01
   5.9284520e-01  -1.7567330e-01  -8.4264420e-01
   7.4977080e-01  -2.3501410e-01  -5.9343520e-01
   8.7498560e-01  -1.5361700e-01  -6.7373060e-01
   1.0000000e+00  -2.1964540e-01  -4.5983500e-01
  -1.0000000e+00  -1.0980640e-01  -6.9073510e-01
  -8.2556740e-01  -4.4509990e-02  -6.8549890e-01
  -7.1630410e-01  -1.0262320e-01  -8.8663570e-01
  -5.1580670e-01  -3.7807930e-02  -9.1955680e-01
  -4.5315970e-01  -1.2128470e-01  -2.7799330e-01
   5.1671470e-01  -3.9110710e-02  -9.2232130e-01
   7.1216090e-01  -1.1342610e-01  -8.9821230e-01
   8.0917680e-01  -3.8051440e-02  -7.1852240e-01
   1.0000000e+00  -6.1995330e-02  -7.0472080e-01
  -1.0000000e+00  -1.2785240e-03  -6.9980670e-01
  -8.8191040e-01   5.7128370e-02  -6.8423260e-01
  -7.6739870e-01   8.7169090e-02  -8.0761300e-01
  -5.1430100e-01   4.3530920e-02  -8.7564280e-01
   5.0759330e-01   5.8135150e-02  -7.7589830e-01
   7.6426020e-01   9.5597090e-02  -8.2455790e-01
   8.9692600e-01   3.9903920e-02  -6.9778140e-01
   1.0000000e+00   1.0538200e-01  -6.4018470e-01
  -1.0000000e+00   1.2472050e-01  -6.3253550e-01
  -8.7127610e-01   2.0053530e-01  -6.8295430e-01
  -6.5809720e-01   1.4498140e-01  -9.1975230e-01
  -5.5031350e-01   2.0730410e-01  -6.1357450e-01
  -4.4392830e-01   1.3130920e-01  -2.3653590e-01
  -3.1791290e-01   2.3538330e-01   9.9435670e-02
   3.9742050e-01   1.6863020e-01   9.5404280e-03
   5.1841090e-01   2.1768800e-01  -3.7523110e-01
   6.3529510e-01   1.4501750e-01  -9.3010830e-01
   8.6743600e-01   1.8716040e-01  -6.6813470e-01
   1.0000000e+00   2.5262200e-01  -5.4372970e-01
  -1.0000000e+00   2.4229500e-01  -5.6818060e-01
  -7.5454120e-01   2.4689820e-01  -5.5345630e-01
  -6.3565350e-01   3.0923370e-01  -3.6044360e-01
  -5.0625600e-01   3.7054150e-01  -3.8421150e-01
  -4.3387190e-01   2.6894070e-01   5.0061610e-02
  -3.4922640e-01   3.7881580e-01   2.1538340e-02
  -2.1189090e-01   3.4522120e-01   6.9154570e-02
   2.6446130e-01   2.8792210e-01   8.5339810e-02
   4.0971870e-01   3.1998660e-01   4.6852200e-02
   5.8111850e-01   3.3962080e-01  -4.1293140e-01
   7.2215600e-01   2.4799300e-01  -5.0286530e-01
   8.6010010e-01   3.2416130e-01  -5.3363150e-01
   1.0000000e+00   3.9463420e-01  -4.3518510e-01
  -1.0000000e+00   3.5254810e-01  -4.6533870e-01
  -8.7017320e-01   3.4535690e-01  -5.0894420e-01
  -7.4017330e-01   4.0023950e-01  -4.9941150e-01
  -5.9750170e-01   4.5788940e-01  -4.0640620e-01
  -4.3246600e-01   4.9379140e-01  -4.7388460e-01
  -2.6279480e-01   4.8052570e-01  -1.1681360e-01
  -1.1872540e-01   4.5590770e-01  -2.9166940e-01
   1.4925790e-01   4.2197640e-01  -1.0073240e-01
   2.9931340e-01   4.3286660e-01   3.3496130e-02
   4.5845060e-01   4.5400590e-01  -5.0473250e-01
   6.0206510e-01   4.9350190e-01  -4.1196750e-01
   7.2322740e-01   3.8709900e-01  -4.9992640e-01
   8.6732830e-01   4.6467740e-01  -4.5294650e-01
   1.0000000e+00   5.3961320e-01  -4.0385470e-01
  -1.0000000e+00   4.6164840e-01  -4.1285960e-01
  -8.6137280e-01   4.8603530e-01  -4.4645350e-01
  -7.1732810e-01   5.3760450e-01  -4.4038320e-01
  -5.6679830e-01   5.8434880e-01  -4.2052850e-01
  -4.4163910e-01   6.2491200e-01  -4.3325810e-01
  -3.1193430e-01   6.0674040e-01  -4.5217560e-01
  -1.6937670e-01   5.9676030e-01  -8.1676760e-01
  -3.6631850e-02   5.1618200e-01  -9.0527950e-01
   4.8615640e-02   5.1150600e-01  -8.0851640e-01
   2.0126230e-01   5.5983950e-01  -6.1371630e-01
   3.5267130e-01   5.7664300e-01  -4.3663610e-01
   5.0299090e-01   5.9764750e-01  -4.0555440e-01
   7.3517710e-01   5.2280790e-01  -4.4625510e-01
  -1.0000000e+00   5.8212960e-01  -4.0331450e-01
  -8.3818080e-01   6.3651110e-01  -4.2988480e-01
  -6.7567580e-01   6.8994640e-01  -4.3615920e-01
  -5.2287110e-01   7.3592720e-01  -4.5717690e-01
  -3.7695260e-01   7.4735170e-01  -5.1774630e-01
  -2.3867170e-01   7.3263830e-01  -5.9490080e-01
  -1.0254940e-01   7.2180420e-01  -8.8950660e-01
   1.2130760e-01   6.9434370e-01  -9.7570430e-01
   2.5643110e-01   7.0813350e-01  -4.8641340e-01
   3.9450310e-01   7.2118870e-01  -4.9419620e-01
   5.3044000e-01   7.3086150e-01  -4.4876970e-01
   6.6718280e-01   6.5843530e-01  -4.4279420e-01
   8.1020440e-01   8.0148010e-01  -4.2402080e-01
   8.4564740e-01   6.2222630e-01  -4.2986730e-01
  -1.0000000e+00   7.5557170e-01  -4.1810950e-01
  -8.0814940e-01   8.1693450e-01  -4.2413120e-01
  -6.2056270e-01   8.4812890e-01  -4.3408380e-01
  -4.6249240e-01   8.6887910e-01  -4.5855120e-01
  -3.1379960e-01   8.6823820e-01  -5.6841400e-01
  -1.7291530e-01   8.6287470e-01  -6.6266420e-01
  -4.4175630e-02   8.3537230e-01  -6.8042610e-01
   5.9866590e-02   8.3635000e-01  -6.6786060e-01
   1.8789980e-01   8.4767700e-01  -6.6578900e-01
   3.2464000e-01   8.5572500e-01  -5.4527350e-01
   4.6968500e-01   8.6283230e-01  -4.5400530e-01
   6.3288900e-01   8.3713480e-01  -4.3042620e-01
   7.5272130e-01   1.0000000e+00  -4.1719080e-01
   1.0000000e+00   7.3200090e-01  -4.1540390e-01
  -1.0000000e+00   1.0000000e+00  -4.2547650e-01
  -7.5002380e-01   1.0000000e+00  -4.1384660e-01
  -5.7396390e-01   1.0000000e+00  -4.0898520e-01
  -4.5609430e-01   1.0000000e+00  -4.2384340e-01
  -3.4612940e-01   1.0000000e+00  -4.9748020e-01
  -2.2804340e-01   1.0000000e+00  -4.2241950e-01
  -1.0841210e-01   1.0000000e+00  -6.9002460e-01
   8.9453380e-03   1.0000000e+00  -7.0172740e-01
   1.2232650e-01   1.0000000e+00  -6.6150940e-01
   2.3651360e-01   1.0000000e+00  -5.7219570e-01
   3.4791480e-01   1.0000000e+00  -4.6577780e-01
   4.5673530e-01   1.0000000e+00  -4.1454020e-01
   5.7596750e-01   1.0000000e+00  -4.0808630e-01
   1.0000000e+00   1.0000000e+00  -4.2498490e-01
  -7.2935070e-01  -1.7009500e-02  -8.7495410e-01
  -6.5874380e-01  -3.7622590e-02  -9.7552250e-01
  -5.2269220e-01  -1.0612120e-02  -9.9198310e-01
  -6.8728500e-01   3.5537960e-02  -9.3601110e-01
  -5.2234220e-01   1.4393650e-02  -9.7002610e-01
  -6.4559890e-01   5.4725170e-02  -9.9208080e-01
   5.2371790e-01  -1.1436960e-02  -1.0046470e+00
   6.6228870e-01  -4.1505790e-02  -9.9259250e-01
   7.1783410e-01  -1.3686590e-02  -9.0274750e-01
   5.2179180e-01   1.9393690e-02  -9.3143550e-01
   6.8891130e-01   3.9258300e-02  -9.5576530e-01
   6.3120160e-01   5.4240400e-02  -1.0085400e+00
  -1.0456150e-02   5.2282300e-01  -9.8534860e-01
   1.5863550e-02   5.2188410e-01  -9.3696700e-01
  -3.7141600e-02   6.6135860e-01  -9.7746210e-01
   4.6921990e-02   6.5022320e-01  -1.0205610e+00
  -1.6040670e-02   7.3399250e-01  -8.7292190e-01
   2.7720480e-02   7.3066140e-01  -8.6663910e-01
  -7.5027590e-03  -7.3017470e-01  -8.7291850e-01
  -3.4538860e-02  -6.6402730e-01  -9.6855240e-01
   3.8325750e-02  -6.6992070e-01  -9.7340680e-01
  -1.2879180e-02  -5.2212170e-01  -1.0068060e+00
   1.1830680e-02  -5.2223700e-01  -1.0004470e+00
  -8.6846310e-01  -1.0000000e+00  -4.3930430e-01
  -1.0000000e+00  -8.7285230e-01  -4.3828330e-01
  -9.1040430e-01  -9.1475820e-01  -4.4250140e-01
  -6.4456160e-01  -1.0000000e+00  -4.2809190e-01
  -7.7884110e-01  -9.1478520e-01  -4.3803390e-01
  -6.7738480e-01  -9.3042520e-01  -4.3982140e-01
  -4.8929700e-01  -1.0000000e+00  -4.1758320e-01
  -5.8463180e-01  -9.3054010e-01  -4.3307650e-01
  -5.0354520e-01  -9.3774150e-01  -4.4343050e-01
  -3.6820770e-01  -1.0000000e+00  -4.8103220e-01
  -4.3997860e-01  -9.3777840e-01  -4.3966680e-01
  -3.6344630e-01  -9.3819670e-01  -4.9220020e-01
  -2.5092710e-01  -1.0000000e+00  -4.9777640e-01
  -3.0478380e-01  -9.3819240e-01  -5.5941280e-01
  -1.2999920e-01  -1.0000000e+00  -5.7623120e-01
  -2.4498430e-01  -9.3775640e-01  -5.0894440e-01
  -1.7006200e-01  -9.3487880e-01  -5.5734950e-01
  -9.1023860e-03  -1.0000000e+00  -7.0143920e-01
  -1.0874580e-01  -9.3620060e-01  -6.8627260e-01
  -4.1807810e-02  -9.1936680e-01  -6.9346290e-01
   1.1371380e-01  -1.0000000e+00  -6.4729110e-01
   1.1881750e-02  -9.1804960e-01  -6.8974780e-01
   6.6594990e-02  -9.3145750e-01  -6.8957610e-01
   2.3982280e-01  -1.0000000e+00  -5.5041250e-01
   1.3038720e-01  -9.3572940e-01  -6.3914320e-01
   1.9461140e-01  -9.2947220e-01  -6.4133720e-01
   3.6695600e-01  -1.0000000e+00  -4.7002090e-01
   2.5824310e-01  -9.2930880e-01  -5.9489150e-01
   3.2338780e-01  -9.3334720e-01  -5.2048240e-01
   4.9654170e-01  -1.0000000e+00  -4.2525030e-01
   3.8917820e-01  -9.3327890e-01  -4.8653650e-01
   4.5868640e-01  -9.3136150e-01  -4.4690190e-01
   6.5312010e-01  -1.0000000e+00  -4.1898170e-01
   5.2423610e-01  -9.3126620e-01  -4.3607720e-01
   6.0203820e-01  -9.2133380e-01  -4.2690460e-01
   6.9424040e-01  -9.2119060e-01  -4.3146050e-01
   8.7244660e-01  -1.0000000e+00  -4.2834750e-01
   7.8773490e-01  -9.0405540e-01  -4.2766780e-01
  -9.1043660e-01  -7.8755290e-01  -4.3701290e-01
  -1.0000000e+00  -6.5715720e-01  -4.2938880e-01
  -9.2857780e-01  -6.8011510e-01  -4.4262680e-01
  -7.1941770e-01  -8.4532480e-01  -4.4301850e-01
  -7.7899750e-01  -7.6368980e-01  -4.4672550e-01
  -8.3917310e-01  -7.2207670e-01  -4.4684490e-01
  -5.3621910e-01  -8.6875230e-01  -4.5516000e-01
  -6.7750200e-01  -7.7985400e-01  -4.4851300e-01
  -6.1033940e-01  -7.9430460e-01  -4.4919730e-01
  -5.4872240e-01  -8.0731410e-01  -4.5551160e-01
  -3.7729280e-01  -8.7674590e-01  -5.1804740e-01
  -4.6670500e-01  -8.1515150e-01  -4.6586570e-01
  -4.0169030e-01  -8.1589200e-01  -4.9559950e-01
  -2.2452970e-01  -8.7363680e-01  -6.1898590e-01
  -3.2390200e-01  -8.1652580e-01  -5.4813290e-01
  -2.5852340e-01  -8.1165940e-01  -5.8673430e-01
  -8.0760860e-02  -8.4845530e-01  -6.7458120e-01
  -1.8217080e-01  -8.0793130e-01  -6.3513930e-01
  -1.1930680e-01  -7.9994830e-01  -7.7021510e-01
   3.5055840e-02  -8.4300770e-01  -6.8159980e-01
  -5.4592350e-02  -7.6514510e-01  -7.7740540e-01
   4.3134450e-02  -7.6484350e-01  -7.8225970e-01
   1.5151040e-01  -8.6308320e-01  -6.8362220e-01
   9.7149490e-02  -7.9740250e-01  -7.8208810e-01
   2.8107990e-01  -8.6374950e-01  -6.1140710e-01
   1.5910920e-01  -7.9540100e-01  -7.8428210e-01
   2.3035500e-01  -7.9439850e-01  -6.0075170e-01
   4.1698900e-01  -8.6546530e-01  -4.9736340e-01
   2.9673890e-01  -7.9869530e-01  -5.2634250e-01
   3.6776500e-01  -8.0555870e-01  -5.2762570e-01
   5.6541900e-01  -8.5303980e-01  -4.4855610e-01
   4.3815740e-01  -8.0305390e-01  -4.8799110e-01
   5.1400660e-01  -7.9550760e-01  -4.5673240e-01
   5.9247580e-01  -7.8490110e-01  -4.4755970e-01
   7.3725670e-01  -8.2538320e-01  -4.3559070e-01
   6.7087610e-01  -7.6041690e-01  -4.4073210e-01
   9.1534410e-01  -9.0401250e-01  -4.3247760e-01
   1.0000000e+00  -8.5984670e-01  -4.2769330e-01
  -6.7069390e-01  -7.1256660e-01  -4.5290420e-01
  -7.9765870e-01  -6.5601680e-01  -4.5233940e-01
  -7.0665610e-01  -6.3243660e-01  -4.5647680e-01
  -5.4186450e-01  -7.4078870e-01  -4.5990290e-01
  -6.4000030e-01  -6.4749630e-01  -4.5716120e-01
  -5.7758340e-01  -6.6709960e-01  -4.4876890e-01
  -4.1476080e-01  -7.5524870e-01  -4.9595120e-01
  -5.1583130e-01  -6.8095740e-01  -4.5508320e-01
  -4.4898270e-01  -6.9179980e-01  -4.5675820e-01
  -2.8387080e-01  -7.5165020e-01  -5.6428640e-01
  -3.8382980e-01  -6.9328020e-01  -4.8649210e-01
  -3.1714570e-01  -6.8819450e-01  -4.8429800e-01
  -1.5424650e-01  -7.3844060e-01  -7.3796350e-01
  -2.5178600e-01  -6.8362580e-01  -5.2289930e-01
  -1.8626740e-01  -6.7561860e-01  -7.5444240e-01
  -1.2369650e-01  -6.6650590e-01  -8.8951820e-01
  -5.6444060e-02  -6.2613560e-01  -9.1129270e-01
   1.7519610e-01  -7.3162160e-01  -6.9921760e-01
   6.0584420e-02  -6.3230580e-01  -9.0978820e-01
   1.3602420e-01  -6.6578420e-01  -8.6426460e-01
   3.1919750e-01  -7.3677610e-01  -5.1697030e-01
   2.0791760e-01  -6.6449710e-01  -6.8073420e-01
   2.8191000e-01  -6.6740030e-01  -4.8826730e-01
   4.2104660e-01  -6.8356370e-01  -4.7393010e-01
   4.6610190e-01  -7.3553960e-01  -4.8699470e-01
   3.5251330e-01  -6.7391660e-01  -4.8955040e-01
   4.9700630e-01  -6.7522620e-01  -4.4267140e-01
   3.8467630e-01  -6.1398700e-01  -4.4522700e-01
   4.4319210e-01  -5.5904640e-01  -4.4906760e-01
   5.1668490e-01  -5.9966570e-01  -4.3143160e-01
   5.6073870e-01  -6.5214830e-01  -4.4449630e-01
   6.2056100e-01  -7.0254680e-01  -4.4890840e-01
   7.6451610e-01  -7.4264180e-01  -4.3693930e-01
   8.4323050e-01  -7.0880160e-01  -4.3594920e-01
   9.1537980e-01  -7.6381970e-01  -4.2701360e-01
  -9.2868310e-01  -5.9120270e-01  -4.3922090e-01
  -1.0000000e+00  -5.0997690e-01  -4.3098930e-01
  -9.3968460e-01  -5.0987340e-01  -4.4818390e-01
  -7.6684810e-01  -5.9005130e-01  -4.5659630e-01
  -8.6885320e-01  -5.3254690e-01  -4.6142190e-01
  -8.1399510e-01  -5.5481600e-01  -4.6248000e-01
  -6.1450110e-01  -5.8673800e-01  -4.5234150e-01
  -7.2376050e-01  -5.3099680e-01  -4.6661740e-01
  -6.5016980e-01  -5.0507750e-01  -4.8405370e-01
  -4.8592240e-01  -6.1831280e-01  -4.4562410e-01
  -5.8849800e-01  -5.2550060e-01  -4.7566140e-01
  -5.2798840e-01  -5.5248740e-01  -4.2472310e-01
  -3.5291160e-01  -6.2526740e-01  -4.4510500e-01
  -4.6190280e-01  -5.6444820e-01  -4.2639810e-01
  -3.9584860e-01  -5.6276380e-01  -3.9119900e-01
  -2.2177090e-01  -6.1302210e-01  -6.7445400e-01
  -3.3024220e-01  -5.5863890e-01  -3.8900490e-01
  -2.6458990e-01  -5.5015340e-01  -2.8035180e-01
  -9.3817130e-02  -5.8215730e-01  -9.2777150e-01
  -2.0012240e-01  -5.4230900e-01  -5.1189490e-01
  -1.3402230e-01  -5.3552970e-01  -6.0664000e-01
  -7.8019830e-02  -4.9365180e-01  -6.2841440e-01
   9.9136510e-02  -5.8278170e-01  -8.9130490e-01
   7.9086000e-02  -4.9341390e-01  -6.1354680e-01
   2.4342260e-01  -6.0242770e-01  -6.5331430e-01
   1.4127720e-01  -5.3374120e-01  -5.6802320e-01
   2.1947040e-01  -5.3821890e-01  -4.7664820e-01
   3.7593720e-01  -5.5054230e-01  -4.6468790e-01
   2.9259880e-01  -5.4119140e-01  -2.8418130e-01
   5.0687880e-01  -5.3517610e-01  -4.5089250e-01
   3.5213600e-01  -4.8631270e-01  -2.8802180e-01
   4.6774960e-01  -4.3715040e-01  -4.7086040e-01
   5.1996680e-01  -4.7300650e-01  -4.3657100e-01
   3.9660060e-01  -4.2956100e-01  -2.0287150e-01
   6.3917650e-01  -6.2658230e-01  -4.3766860e-01
   5.9251030e-01  -5.1379950e-01  -4.1893500e-01
   6.5600820e-01  -5.4879200e-01  -4.4648720e-01
   7.7750720e-01  -6.4314180e-01  -4.4109060e-01
   7.1492350e-01  -5.9993180e-01  -4.5089930e-01
   9.2769840e-01  -6.6453730e-01  -4.3116490e-01
   7.9324580e-01  -5.6523600e-01  -4.4990920e-01
   8.6363660e-01  -5.3216220e-01  -4.5099230e-01
   9.2782710e-01  -5.6678820e-01  -4.2560930e-01
   1.0000000e+00  -6.2242920e-01  -4.1667370e-01
  -9.3974760e-01  -4.5067220e-01  -4.5319030e-01
  -1.0000000e+00  -3.9494240e-01  -4.6740400e-01
  -8.2546470e-01  -4.7259610e-01  -4.7144300e-01
  -9.3982950e-01  -3.9364850e-01  -4.8459860e-01
  -8.7336420e-01  -3.7985000e-01  -5.1938890e-01
  -8.1111230e-01  -4.0793630e-01  -5.0055360e-01
  -6.9753330e-01  -4.6874550e-01  -4.8993730e-01
  -7.5680160e-01  -4.3088330e-01  -5.0161170e-01
  -5.6446220e-01  -4.7060610e-01  -4.5643530e-01
  -6.8401710e-01  -4.0461530e-01  -5.1904790e-01
  -6.1763210e-01  -3.7391670e-01  -4.7369670e-01
  -5.5527670e-01  -4.0857000e-01  -4.9477380e-01
  -4.3889630e-01  -4.9696780e-01  -3.7029800e-01
  -4.9502120e-01  -4.3634190e-01  -4.4383560e-01
  -3.0820050e-01  -4.8758160e-01  -2.2644580e-01
  -4.3032040e-01  -4.3622490e-01  -4.0863650e-01
  -3.6136000e-01  -4.2771410e-01  -1.3284510e-01
  -1.7857560e-01  -4.7394260e-01  -2.1253780e-01
  -2.9623230e-01  -4.1820070e-01  -2.4192060e-02
  -2.2908630e-01  -4.0935410e-01  -7.6494460e-03
  -1.6886400e-01  -3.9660480e-01  -1.0239460e-01
   1.9273130e-01  -4.7341420e-01  -1.9889010e-01
   1.7014790e-01  -3.9737110e-01  -1.1197540e-01
   2.4200580e-01  -4.0961840e-01  -2.0600450e-02
   3.1330700e-01  -4.1892570e-01  -2.2364860e-02
   5.5254970e-01  -4.1443050e-01  -4.3890290e-01
   4.2943310e-01  -3.7155840e-01  -2.0520340e-01
   4.8607700e-01  -3.1644040e-01  -2.7605220e-01
   5.6309240e-01  -3.4132150e-01  -4.6004340e-01
   6.6806700e-01  -4.8592600e-01  -4.3216570e-01
   6.1521110e-01  -3.7723280e-01  -4.2575400e-01
   6.7574210e-01  -4.1585220e-01  -4.6025160e-01
   8.0139950e-01  -4.8780610e-01  -4.6080090e-01
   7.3845180e-01  -4.5189300e-01  -4.8780380e-01
   9.3539220e-01  -4.9002490e-01  -4.3650100e-01
   8.0814020e-01  -4.1790360e-01  -4.8888690e-01
   8.7358150e-01  -3.7943720e-01  -5.1183540e-01
   9.3551270e-01  -4.1385600e-01  -4.7014430e-01
   1.0000000e+00  -4.4978620e-01  -4.4476130e-01
  -9.3275200e-01  -3.2362550e-01  -5.3360270e-01
  -1.0000000e+00  -2.8189390e-01  -4.4875210e-01
  -8.0479850e-01  -3.3673260e-01  -5.4955760e-01
  -9.3245780e-01  -2.6601840e-01  -4.8354240e-01
  -8.6493370e-01  -2.3879840e-01  -6.1304610e-01
  -8.0102910e-01  -2.6891110e-01  -5.7076570e-01
  -6.7698040e-01  -3.3444900e-01  -4.8537110e-01
  -7.3965780e-01  -2.9845150e-01  -5.5193040e-01
  -5.4908640e-01  -3.3966370e-01  -4.6109700e-01
  -6.7381720e-01  -2.6677980e-01  -5.0657920e-01
  -6.0367720e-01  -2.3688820e-01  -6.3833510e-01
  -5.4106580e-01  -2.7560020e-01  -2.2943000e-01
  -4.1646120e-01  -3.6934350e-01  -2.0638280e-01
  -4.7882410e-01  -3.0967620e-01  -2.5050710e-01
  -2.8348560e-01  -3.4670180e-01   8.5951200e-02
  -4.1410170e-01  -3.0777260e-01   2.5284250e-02
  -3.4162170e-01  -2.8978020e-01   4.6935360e-02
  -2.7535810e-01  -2.7714280e-01   6.3477980e-02
   2.8717010e-01  -3.5077210e-01   6.4549840e-02
   2.7282820e-01  -2.7950370e-01   7.7988210e-02
   4.1402580e-01  -3.0866530e-01  -8.0633270e-03
   3.4368200e-01  -2.9339880e-01   7.6223790e-02
   5.4865660e-01  -2.7835710e-01  -2.6290330e-01
   4.0293670e-01  -2.3703210e-01   5.3750460e-03
   4.6896480e-01  -1.8551240e-01  -1.8166840e-01
   5.3267290e-01  -2.1456470e-01  -4.6077820e-01
   6.8506500e-01  -3.4174400e-01  -4.8139210e-01
   6.0975560e-01  -2.3919190e-01  -6.4476940e-01
   6.8754460e-01  -2.6864930e-01  -5.2016490e-01
   8.1049940e-01  -3.4186660e-01  -5.3883830e-01
   7.4791400e-01  -3.0862750e-01  -5.5466250e-01
   9.3732890e-01  -3.3923800e-01  -5.2009570e-01
   8.1248210e-01  -2.6892700e-01  -5.7761100e-01
   8.7473290e-01  -2.2817560e-01  -6.1775870e-01
   9.3692480e-01  -2.6074030e-01  -5.1081090e-01
   1.0000000e+00  -2.9702650e-01  -4.6911980e-01
  -9.3124430e-01  -1.9650320e-01  -5.2819550e-01
  -1.0000000e+00  -1.6752670e-01  -5.4471340e-01
  -7.9928800e-01  -1.9815480e-01  -6.1541880e-01
  -9.3270290e-01  -1.3894450e-01  -6.7421720e-01
  -8.4458620e-01  -1.0403690e-01  -6.7159900e-01
  -7.9063430e-01  -1.3441630e-01  -7.7216750e-01
  -6.6533670e-01  -1.9880020e-01  -7.0489430e-01
  -7.2710110e-01  -1.6547590e-01  -7.2988710e-01
  -5.3299190e-01  -2.0892790e-01  -4.2774520e-01
  -6.5559980e-01  -1.3542150e-01  -8.6164300e-01
  -5.7993730e-01  -9.9595930e-02  -8.7810350e-01
  -5.3007710e-01  -1.4109290e-01  -5.5732180e-01
  -4.0218770e-01  -2.3446900e-01   2.8110240e-03
  -4.6744220e-01  -1.8141500e-01  -1.4841670e-01
  -3.9296850e-01  -1.7287300e-01  -1.2676560e-01
   3.9290540e-01  -1.7320610e-01  -9.7381250e-02
   5.3031910e-01  -1.4508150e-01  -5.6353450e-01
   4.9318380e-01  -8.0705440e-02  -6.0337300e-01
   6.7194500e-01  -2.0352680e-01  -7.1803970e-01
   5.8132580e-01  -1.0265820e-01  -8.8248270e-01
   6.5317200e-01  -1.4323580e-01  -8.7042830e-01
   8.1157900e-01  -1.9261910e-01  -6.3358290e-01
   7.3172630e-01  -1.7325030e-01  -7.4582380e-01
   9.3657330e-01  -1.8599920e-01  -5.6678280e-01
   7.9324850e-01  -1.3178320e-01  -7.8597150e-01
   8.4144310e-01  -9.3392780e-02  -6.9612650e-01
   9.3760280e-01  -1.0797750e-01  -6.8922570e-01
   1.0000000e+00  -1.4082030e-01  -5.8227790e-01
  -9.1765750e-01  -7.5312400e-02  -6.8811700e-01
  -1.0000000e+00  -5.5542470e-02  -6.9527090e-01
  -7.5912910e-01  -7.0956690e-02  -7.8606730e-01
  -9.1587150e-01  -2.5689540e-02  -6.9265280e-01
  -8.4962400e-01   6.4091550e-03  -6.8486580e-01
  -7.8412200e-01   2.2816630e-02  -7.4655590e-01
  -6.2429470e-01  -6.1083140e-02  -9.0309630e-01
  -4.9268510e-01  -7.8994580e-02  -5.9877510e-01
   6.2673440e-01  -6.6480700e-02  -9.1026680e-01
   7.4897850e-01  -7.2479040e-02  -8.0836740e-01
   9.0761250e-01  -5.0532490e-02  -7.1162160e-01
   7.7467410e-01   2.9492010e-02  -7.7154020e-01
   8.5002400e-01   9.3420500e-04  -7.0815190e-01
   9.4590500e-01  -9.6914050e-03  -7.0125110e-01
   1.0000000e+00   2.1693350e-02  -6.7245280e-01
  -9.3943190e-01   2.7519200e-02  -6.9201970e-01
  -1.0000000e+00   6.1720990e-02  -6.6617110e-01
  -8.2375570e-01   7.2464700e-02  -7.4592280e-01
  -9.4264630e-01   8.9262780e-02  -6.5838410e-01
  -8.7638020e-01   1.2874620e-01  -6.8359350e-01
  -8.1962300e-01   1.4298850e-01  -7.4528370e-01
  -7.1161300e-01   1.1429740e-01  -8.6368260e-01
  -7.6136630e-01   1.6571600e-01  -6.8053460e-01
  -6.0780020e-01   8.6768550e-02  -8.9769750e-01
  -5.6123610e-01   1.2233000e-01  -7.4460870e-01
  -4.8685990e-01   8.8462310e-02  -5.5608930e-01
   4.6123720e-01   1.1542180e-01  -3.8317890e-01
   5.3378750e-01   1.3614310e-01  -5.7556470e-01
   5.8751500e-01   9.4782370e-02  -8.5300330e-01
   8.2915070e-01   6.8187540e-02  -7.6116970e-01
   6.9865460e-01   1.1795580e-01  -8.7733310e-01
   8.1574220e-01   1.4051610e-01  -7.4634630e-01
   7.4346460e-01   1.7013740e-01  -6.6371160e-01
   9.4991620e-01   7.1182300e-02  -6.6898310e-01
   8.8171750e-01   1.1344110e-01  -6.8295800e-01
   9.3335170e-01   1.4501360e-01  -6.5415970e-01
   1.0000000e+00   1.7900200e-01  -5.9195720e-01
  -9.3524020e-01   1.6143100e-01  -6.5774490e-01
  -1.0000000e+00   1.8350770e-01  -6.0035810e-01
  -9.3534340e-01   2.2076880e-01  -6.2556750e-01
  -8.1273950e-01   2.2273640e-01  -6.1820530e-01
  -8.7102760e-01   2.7275860e-01  -5.9594920e-01
  -6.0549670e-01   1.7585940e-01  -7.6666340e-01
  -7.0653060e-01   1.9476770e-01  -7.3660430e-01
  -6.4833930e-01   2.2635900e-01  -6.4009790e-01
  -5.0371860e-01   1.6603160e-01  -4.2505520e-01
  -5.9365630e-01   2.5776690e-01  -4.8700900e-01
  -5.2949410e-01   2.8927770e-01  -4.9889300e-01
  -4.9275330e-01   2.3898150e-01  -2.8175640e-01
  -3.8118580e-01   1.8212870e-01  -6.8550090e-02
  -4.4368200e-01   1.9825970e-01  -9.3237120e-02
  -3.7664190e-01   2.5093730e-01   7.4748640e-02
  -3.3251600e-01   3.0789040e-01   6.0487010e-02
  -2.6307280e-01   2.8857860e-01   8.4295120e-02
   4.6103710e-01   1.9098640e-01  -1.8284540e-01
   3.2828350e-01   2.2654330e-01   4.7440120e-02
   4.0465400e-01   2.4402070e-01   2.8196320e-02
   5.7863350e-01   1.8182570e-01  -6.5266970e-01
   4.6419460e-01   2.6907240e-01  -1.6418950e-01
   5.5060790e-01   2.7868280e-01  -3.9408130e-01
   6.1045560e-01   2.4191270e-01  -6.7151980e-01
   6.7899710e-01   1.9539390e-01  -7.1648680e-01
   9.3354740e-01   2.1934350e-01  -6.0593220e-01
   7.9449080e-01   2.1601190e-01  -5.8550000e-01
   8.6408540e-01   2.5550930e-01  -6.0088310e-01
   9.2954580e-01   2.8706260e-01  -5.3868060e-01
   1.0000000e+00   3.2362810e-01  -4.8945740e-01
  -1.0000000e+00   2.9742160e-01  -5.1675960e-01
  -9.3462790e-01   2.9236070e-01  -5.3856240e-01
  -6.9528750e-01   2.7744860e-01  -4.5694990e-01
  -8.1249510e-01   2.9594490e-01  -5.3120020e-01
  -7.4790810e-01   3.2392920e-01  -5.2643390e-01
  -5.7118100e-01   3.4010720e-01  -3.7232750e-01
  -6.8797050e-01   3.5448110e-01  -4.2992750e-01
  -6.1698970e-01   3.8404560e-01  -3.8342490e-01
  -4.7078300e-01   3.2014280e-01  -1.6707490e-01
  -4.2853090e-01   3.7570360e-01  -1.8133660e-01
  -5.5168970e-01   4.1402830e-01  -3.9530890e-01
  -4.6976980e-01   4.3253260e-01  -4.2904800e-01
  -3.9189570e-01   3.2415490e-01   3.5799980e-02
  -2.8027270e-01   3.6254700e-01   4.5346450e-02
  -3.9150750e-01   4.3714950e-01  -2.2617310e-01
  -3.0649100e-01   4.2970920e-01  -4.7637630e-02
  -2.3641310e-01   4.1534420e-01  -2.3829520e-02
  -1.6555720e-01   4.0131250e-01  -1.1125740e-01
   3.3785180e-01   3.0316840e-01   6.6096000e-02
   2.0552500e-01   3.5340560e-01  -7.6963100e-03
   2.8090710e-01   3.6116090e-01   5.9417970e-02
   4.9648840e-01   3.3044690e-01  -1.8303960e-01
   3.5509640e-01   3.7686160e-01   4.0174170e-02
   4.3499580e-01   3.8763030e-01  -2.2894010e-01
   6.5211110e-01   2.9342580e-01  -4.5789830e-01
   5.2024870e-01   3.9740860e-01  -4.5883190e-01
   5.9155690e-01   4.1677700e-01  -4.1244950e-01
   6.5210500e-01   3.6273480e-01  -4.5642890e-01
   7.9117420e-01   2.8566370e-01  -5.1824840e-01
   7.2311730e-01   3.1795610e-01  -5.0139580e-01
   9.2954550e-01   3.5911350e-01  -4.8440830e-01
   7.9177190e-01   3.5492490e-01  -5.1677900e-01
   8.6375310e-01   3.9451880e-01  -4.9328900e-01
   9.3340390e-01   4.2889660e-01  -4.4406580e-01
   1.0000000e+00   4.6712370e-01  -4.1951990e-01
  -9.3465090e-01   3.4833510e-01  -4.8714140e-01
  -1.0000000e+00   4.0709830e-01  -4.3909910e-01
  -8.0518530e-01   3.7215920e-01  -5.0417780e-01
  -9.3461800e-01   4.0367020e-01  -4.6090190e-01
  -8.6583650e-01   4.1579500e-01  -4.7769880e-01
  -6.6934880e-01   4.2881280e-01  -4.5290890e-01
  -8.0050440e-01   4.4279780e-01  -4.7293250e-01
  -7.2887510e-01   4.6911500e-01  -4.6989730e-01
  -5.1517380e-01   4.7591060e-01  -4.4014540e-01
  -6.5739400e-01   4.9742300e-01  -4.2339470e-01
  -5.8215780e-01   5.2140330e-01  -4.1346740e-01
  -3.4850490e-01   4.8820200e-01  -2.9534910e-01
  -4.9924120e-01   5.3876420e-01  -4.4720650e-01
  -4.3673720e-01   5.5941210e-01  -4.5357140e-01
  -3.7269790e-01   5.5084040e-01  -4.6303010e-01
  -1.8855130e-01   4.7682620e-01  -2.0424150e-01
  -2.8762210e-01   5.4467860e-01  -2.8449460e-01
  -2.1618210e-01   5.4009360e-01  -4.6679060e-01
  -1.3945890e-01   5.3345620e-01  -5.5421850e-01
  -7.7111830e-02   4.9386460e-01  -5.9847440e-01
   2.2275600e-01   4.3119610e-01  -3.3618150e-02
   1.0060610e-01   4.7540630e-01  -4.5462440e-01
   1.7247790e-01   4.9637520e-01  -3.5722440e-01
   3.7967090e-01   4.4442220e-01  -2.3561820e-01
   2.5100470e-01   4.9719920e-01  -2.9011010e-01
   3.2651990e-01   5.0576580e-01  -2.0157000e-01
   5.3015190e-01   4.7343270e-01  -4.5835000e-01
   4.0602770e-01   5.1587420e-01  -4.7068430e-01
   4.8034930e-01   5.2573590e-01  -4.5514340e-01
   6.6318140e-01   4.4031090e-01  -4.5594700e-01
   5.5280950e-01   5.4583310e-01  -4.0876100e-01
   6.6871520e-01   5.0780410e-01  -4.2911130e-01
   6.3431800e-01   5.7604520e-01  -4.2738090e-01
   7.9502790e-01   4.2536810e-01  -4.7643640e-01
   7.2920900e-01   4.5510450e-01  -4.7309080e-01
   9.3331800e-01   5.0220950e-01  -4.2840060e-01
   8.0137250e-01   4.9335410e-01  -4.4960080e-01
   8.5651910e-01   5.4362110e-01  -4.4140690e-01
   9.2274010e-01   5.8053700e-01  -4.1686100e-01
   1.0000000e+00   6.3580710e-01  -4.0962930e-01
  -9.3042050e-01   4.7335460e-01  -4.2965660e-01
  -1.0000000e+00   5.2188900e-01  -4.0808710e-01
  -7.8950020e-01   5.1138260e-01  -4.4341840e-01
  -9.3032020e-01   5.3421700e-01  -4.2488400e-01
  -8.4981040e-01   5.6144560e-01  -4.3816920e-01
  -6.4244620e-01   5.6091150e-01  -4.3045590e-01
  -7.7749790e-01   5.8686930e-01  -4.3513400e-01
  -6.9647160e-01   6.1407870e-01  -4.3827120e-01
  -5.0451550e-01   6.0470590e-01  -4.2689330e-01
  -6.2104710e-01   6.3693970e-01  -4.2834390e-01
  -5.4462510e-01   6.6049270e-01  -4.3885270e-01
  -3.7680540e-01   6.1583210e-01  -4.4271690e-01
  -4.8195910e-01   6.8036020e-01  -4.4521750e-01
  -4.0900660e-01   6.8650470e-01  -4.7550220e-01
  -2.4051590e-01   6.0280360e-01  -6.3447160e-01
  -3.4354340e-01   6.7695040e-01  -4.8496100e-01
  -2.7499000e-01   6.6995770e-01  -5.2353820e-01
  -9.8154570e-02   5.8223730e-01  -8.6102350e-01
  -2.0274770e-01   6.6538030e-01  -7.0583420e-01
  -1.3484340e-01   6.6003760e-01  -8.5313710e-01
  -5.9793280e-02   6.2740640e-01  -8.9739300e-01
   1.2169220e-01   5.6181630e-01  -7.1111640e-01
   7.5968910e-02   6.1603830e-01  -8.9211040e-01
   2.7731740e-01   5.6917830e-01  -5.2517620e-01
   1.5960230e-01   6.2912360e-01  -7.9471030e-01
   2.2787140e-01   6.3484970e-01  -5.5006490e-01
   4.2781440e-01   5.8709400e-01  -4.2109520e-01
   3.0466530e-01   6.4282200e-01  -4.6152470e-01
   3.7289980e-01   6.4882700e-01  -4.6541610e-01
   4.4874940e-01   6.5991060e-01  -4.4987530e-01
   5.1639370e-01   6.6438530e-01  -4.2716200e-01
   5.8520410e-01   6.2775350e-01  -4.2417430e-01
   7.0130950e-01   5.9087650e-01  -4.4452470e-01
   7.9016390e-01   5.7240930e-01  -4.3806120e-01
  -9.1899850e-01   6.0902910e-01  -4.1659970e-01
  -1.0000000e+00   6.6885060e-01  -4.1071200e-01
  -7.5716340e-01   6.6304140e-01  -4.3302200e-01
  -9.1885750e-01   6.9610340e-01  -4.2399720e-01
  -8.2309980e-01   7.2688450e-01  -4.2700800e-01
  -5.9954980e-01   7.1298530e-01  -4.4666810e-01
  -7.4174790e-01   7.5321640e-01  -4.3014520e-01
  -6.4787360e-01   7.6922650e-01  -4.3512150e-01
  -4.5016400e-01   7.4174030e-01  -4.8746160e-01
  -5.7159680e-01   7.9176430e-01  -4.4563030e-01
  -4.9225030e-01   8.0248810e-01  -4.5786410e-01
  -3.0805860e-01   7.4019690e-01  -5.5632360e-01
  -4.1943970e-01   8.0783020e-01  -4.8814880e-01
  -3.4461990e-01   8.0787730e-01  -5.4308010e-01
  -1.6970700e-01   7.2837380e-01  -7.4220370e-01
  -2.7550060e-01   8.0033570e-01  -5.8165740e-01
  -2.0411080e-01   7.9701380e-01  -6.2878250e-01
  -1.3621290e-01   7.9258740e-01  -7.7608540e-01
  -7.0442790e-02   7.6594110e-01  -7.8496630e-01
   1.8752230e-01   7.0207440e-01  -7.3105890e-01
   9.0236840e-02   7.6239190e-01  -8.2178250e-01
   1.5310200e-01   7.7008610e-01  -8.2074670e-01
   3.2588410e-01   7.1488760e-01  -4.9030480e-01
   2.2069870e-01   7.7760480e-01  -5.7610120e-01
   2.8988080e-01   7.8184700e-01  -5.1584350e-01
   4.6262940e-01   7.2603810e-01  -4.7148290e-01
   3.5890990e-01   7.8866910e-01  -5.1973480e-01
   4.3156660e-01   7.9182490e-01  -4.7410080e-01
   5.9906960e-01   6.9479070e-01  -4.4578200e-01
   4.9970250e-01   7.9697630e-01  -4.5138750e-01
   5.8154670e-01   7.8375590e-01  -4.3959790e-01
   7.3840430e-01   7.2969760e-01  -4.3340750e-01
   7.5660860e-01   6.4000970e-01  -4.3633070e-01
   6.4972280e-01   7.4799280e-01  -4.3661020e-01
   8.2787910e-01   7.1202410e-01  -4.2694400e-01
   7.2171250e-01   8.1925630e-01  -4.2722350e-01
   7.8138370e-01   9.0075920e-01  -4.2060580e-01
   9.0511960e-01   7.6666770e-01  -4.1971240e-01
   9.0506790e-01   9.0071420e-01  -4.2450290e-01
   9.2259110e-01   6.7720920e-01  -4.2263560e-01
  -9.0410110e-01   7.8619350e-01  -4.2112040e-01
  -1.0000000e+00   8.7778580e-01  -4.2179300e-01
  -7.1453130e-01   8.3249700e-01  -4.2910750e-01
  -9.0407330e-01   9.0841920e-01  -4.2480380e-01
  -7.7901320e-01   9.0846680e-01  -4.1898890e-01
  -5.4170090e-01   8.5854260e-01  -4.4631750e-01
  -6.8542870e-01   9.2381260e-01  -4.2396520e-01
  -5.9698660e-01   9.2394050e-01  -4.2153450e-01
  -3.8823430e-01   8.6870820e-01  -5.1348260e-01
  -5.1848620e-01   9.3406800e-01  -4.3376820e-01
  -4.5892050e-01   9.3413200e-01  -4.4119730e-01
  -4.0328270e-01   9.3421190e-01  -4.7801570e-01
  -2.4308770e-01   8.6508240e-01  -6.1553910e-01
  -3.2988580e-01   9.3364640e-01  -5.3294710e-01
  -2.6990870e-01   9.3332810e-01  -4.9541670e-01
  -1.0554380e-01   8.4832760e-01  -6.7154520e-01
  -1.9968540e-01   9.3054080e-01  -5.4254190e-01
  -1.4010110e-01   9.3205450e-01  -6.7634440e-01
   8.5919200e-03   8.3015660e-01  -6.7414340e-01
  -7.4457270e-02   9.2283700e-01  -6.8522540e-01
  -2.0144480e-02   9.2102560e-01  -6.9107670e-01
   1.2372630e-01   8.4217220e-01  -6.6682480e-01
   3.4052180e-02   9.1588600e-01  -6.8479400e-01
   8.8706710e-02   9.2060850e-01  -6.6468500e-01
   2.5615060e-01   8.5210790e-01  -6.0553130e-01
   1.5347100e-01   9.2352500e-01  -6.6364920e-01
   2.1129990e-01   9.2360790e-01  -6.1899240e-01
   3.9729020e-01   8.5934580e-01  -4.9963940e-01
   2.7898030e-01   9.2730140e-01  -5.5873460e-01
   3.3558380e-01   9.2731240e-01  -5.0552570e-01
   3.9083920e-01   9.2728400e-01  -4.7990690e-01
   5.5146510e-01   8.5002010e-01  -4.4221570e-01
   4.6273400e-01   9.3111110e-01  -4.3427280e-01
   5.2299130e-01   9.3102270e-01  -4.3104580e-01
   6.9288230e-01   9.1832910e-01  -4.2380850e-01
   6.0409730e-01   9.1847120e-01  -4.1925620e-01
   6.6434440e-01   1.0000000e+00  -4.1263850e-01
   8.7636060e-01   1.0000000e+00  -4.2108790e-01
   1.0000000e+00   8.6600050e-01  -4.2019440e-01
  -8.7501190e-01   1.0000000e+00  -4.1966160e-01
  -6.6199380e-01   1.0000000e+00  -4.1141590e-01
  -5.1502910e-01   1.0000000e+00  -4.1641430e-01
  -4.0111180e-01   1.0000000e+00  -4.6066180e-01
  -2.8708640e-01   1.0000000e+00  -4.5994980e-01
  -1.6822770e-01   1.0000000e+00  -5.5622200e-01
  -4.9733360e-02   1.0000000e+00  -6.9587600e-01
   6.5635940e-02   1.0000000e+00  -6.8161840e-01
   1.7942000e-01   1.0000000e+00  -6.1685250e-01
   2.9221420e-01   1.0000000e+00  -5.1898680e-01
   4.0232510e-01   1.0000000e+00  -4.4015900e-01
   5.1635140e-01   1.0000000e+00  -4.1131330e-01
