-6.729197e-01 1.329989e-04 0.000000e+00 
6.729940e-01 2.090476e-04 0.000000e+00 
2.093498e-05 6.728542e-01 0.000000e+00 
6.628334e-05 -6.729787e-01 0.000000e+00 
-1.000000e+00 -1.000000e+00 0.000000e+00 
-7.369261e-01 -1.000000e+00 0.000000e+00 
-5.521970e-01 -1.000000e+00 0.000000e+00 
-4.263971e-01 -1.000000e+00 0.000000e+00 
-3.100182e-01 -1.000000e+00 0.000000e+00 
-1.918360e-01 -1.000000e+00 0.000000e+00 
-6.816245e-02 -1.000000e+00 0.000000e+00 
4.995768e-02 -1.000000e+00 0.000000e+00 
1.774699e-01 -1.000000e+00 0.000000e+00 
3.021756e-01 -1.000000e+00 0.000000e+00 
4.317364e-01 -1.000000e+00 0.000000e+00 
5.613470e-01 -1.000000e+00 0.000000e+00 
7.448932e-01 -1.000000e+00 0.000000e+00 
-1.000000e+00 -7.457046e-01 0.000000e+00 
-8.207814e-01 -8.295070e-01 0.000000e+00 
-6.181755e-01 -8.606418e-01 0.000000e+00 
-4.569658e-01 -8.749980e-01 0.000000e+00 
-3.057183e-01 -8.756178e-01 0.000000e+00 
-1.584730e-01 -8.695807e-01 0.000000e+00 
-2.018567e-02 -8.449934e-01 0.000000e+00 
9.895575e-02 -8.668249e-01 0.000000e+00 
2.244921e-01 -8.573563e-01 0.000000e+00 
3.521649e-01 -8.655642e-01 0.000000e+00 
4.894467e-01 -8.618623e-01 0.000000e+00 
6.440345e-01 -8.421230e-01 0.000000e+00 
1.000000e+00 -1.000000e+00 0.000000e+00 
-7.366922e-01 -6.977077e-01 0.000000e+00 
-6.033619e-01 -7.255570e-01 0.000000e+00 
-4.816094e-01 -7.506589e-01 0.000000e+00 
-3.546207e-01 -7.510813e-01 0.000000e+00 
-2.282385e-01 -7.413366e-01 0.000000e+00 
-1.051776e-01 -7.278401e-01 0.000000e+00 
1.166217e-01 -7.287473e-01 0.000000e+00 
2.565435e-01 -7.231208e-01 0.000000e+00 
3.940595e-01 -7.381106e-01 0.000000e+00 
4.520106e-01 -6.164241e-01 0.000000e+00 
5.425603e-01 -7.244210e-01 0.000000e+00 
8.306769e-01 -8.079986e-01 0.000000e+00 
-1.000000e+00 -5.686098e-01 0.000000e+00 
-8.569452e-01 -6.149826e-01 0.000000e+00 
-6.733482e-01 -5.665092e-01 0.000000e+00 
-5.495999e-01 -6.032067e-01 0.000000e+00 
-4.187464e-01 -6.221845e-01 0.000000e+00 
-2.892700e-01 -6.098578e-01 0.000000e+00 
-1.628390e-01 -5.951124e-01 0.000000e+00 
-4.776742e-02 -5.569615e-01 0.000000e+00 
4.819894e-02 -5.561768e-01 0.000000e+00 
1.753653e-01 -5.881098e-01 0.000000e+00 
3.176369e-01 -5.942522e-01 0.000000e+00 
4.278172e-01 -4.860258e-01 0.000000e+00 
5.768214e-01 -5.727695e-01 0.000000e+00 
6.977760e-01 -6.767033e-01 0.000000e+00 
8.551625e-01 -6.097894e-01 0.000000e+00 
1.000000e+00 -7.196934e-01 0.000000e+00 
-1.000000e+00 -4.513440e-01 0.000000e+00 
-8.789116e-01 -4.531741e-01 0.000000e+00 
-7.680560e-01 -4.973601e-01 0.000000e+00 
-6.176998e-01 -4.431407e-01 0.000000e+00 
-4.977869e-01 -4.926028e-01 0.000000e+00 
-3.671213e-01 -4.842994e-01 0.000000e+00 
-2.380846e-01 -4.651836e-01 0.000000e+00 
-1.155376e-01 -4.354457e-01 0.000000e+00 
1.177639e-01 -4.319797e-01 0.000000e+00 
2.634111e-01 -4.630204e-01 0.000000e+00 
4.893441e-01 -3.727653e-01 0.000000e+00 
5.981516e-01 -4.492866e-01 0.000000e+00 
7.279755e-01 -5.225315e-01 0.000000e+00 
8.701038e-01 -4.574368e-01 0.000000e+00 
1.000000e+00 -5.251649e-01 0.000000e+00 
-1.000000e+00 -3.385408e-01 0.000000e+00 
-8.648037e-01 -3.147776e-01 0.000000e+00 
-7.376278e-01 -3.710260e-01 0.000000e+00 
-6.001523e-01 -3.062594e-01 0.000000e+00 
-4.757187e-01 -3.692234e-01 0.000000e+00 
-3.374019e-01 -3.464265e-01 0.000000e+00 
-2.035197e-01 -3.166391e-01 0.000000e+00 
2.041373e-01 -3.158774e-01 0.000000e+00 
3.459887e-01 -3.520726e-01 0.000000e+00 
4.573434e-01 -2.479354e-01 0.000000e+00 
6.148152e-01 -3.057325e-01 0.000000e+00 
7.404864e-01 -3.858291e-01 0.000000e+00 
8.740715e-01 -3.094432e-01 0.000000e+00 
1.000000e+00 -3.744076e-01 0.000000e+00 
-1.000000e+00 -2.252470e-01 0.000000e+00 
-8.615842e-01 -1.787322e-01 0.000000e+00 
-7.292214e-01 -2.402295e-01 0.000000e+00 
-5.829714e-01 -1.752811e-01 0.000000e+00 
-4.544084e-01 -2.435185e-01 0.000000e+00 
-3.111453e-01 -2.083353e-01 0.000000e+00 
3.101480e-01 -2.091434e-01 0.000000e+00 
4.303402e-01 -1.188286e-01 0.000000e+00 
5.828593e-01 -1.799265e-01 0.000000e+00 
7.444464e-01 -2.447078e-01 0.000000e+00 
8.731623e-01 -1.619133e-01 0.000000e+00 
1.000000e+00 -2.196454e-01 0.000000e+00 
-1.000000e+00 -1.098064e-01 0.000000e+00 
-8.410105e-01 -5.083628e-02 0.000000e+00 
-7.133868e-01 -1.158137e-01 0.000000e+00 
-5.555763e-01 -4.847926e-02 0.000000e+00 
-4.317602e-01 -1.179467e-01 0.000000e+00 
5.546480e-01 -4.901291e-02 0.000000e+00 
7.087317e-01 -1.256789e-01 0.000000e+00 
8.252759e-01 -4.410748e-02 0.000000e+00 
1.000000e+00 -6.199533e-02 0.000000e+00 
-1.000000e+00 -1.278524e-03 0.000000e+00 
-8.824426e-01 6.573282e-02 0.000000e+00 
-7.678207e-01 9.790033e-02 0.000000e+00 
-5.459978e-01 5.309958e-02 0.000000e+00 
5.187772e-01 6.653487e-02 0.000000e+00 
7.635562e-01 1.068889e-01 0.000000e+00 
8.972373e-01 4.785109e-02 0.000000e+00 
1.000000e+00 1.053820e-01 0.000000e+00 
-1.000000e+00 1.247205e-01 0.000000e+00 
-8.702243e-01 2.085667e-01 0.000000e+00 
-6.525660e-01 1.527474e-01 0.000000e+00 
-5.389831e-01 2.069978e-01 0.000000e+00 
-4.202013e-01 1.254211e-01 0.000000e+00 
-2.980985e-01 2.198349e-01 0.000000e+00 
3.723149e-01 1.593141e-01 0.000000e+00 
5.050567e-01 2.170386e-01 0.000000e+00 
6.282981e-01 1.522204e-01 0.000000e+00 
8.665095e-01 1.955942e-01 0.000000e+00 
1.000000e+00 2.526220e-01 0.000000e+00 
-1.000000e+00 2.422950e-01 0.000000e+00 
-7.497401e-01 2.555483e-01 0.000000e+00 
-6.264631e-01 3.116341e-01 0.000000e+00 
-4.955299e-01 3.646862e-01 0.000000e+00 
-4.207601e-01 2.616470e-01 0.000000e+00 
-3.390491e-01 3.684077e-01 0.000000e+00 
-1.987396e-01 3.221279e-01 0.000000e+00 
2.470785e-01 2.689629e-01 0.000000e+00 
3.982850e-01 3.120983e-01 0.000000e+00 
5.706522e-01 3.391137e-01 0.000000e+00 
7.161848e-01 2.564650e-01 0.000000e+00 
8.580333e-01 3.297907e-01 0.000000e+00 
1.000000e+00 3.946342e-01 0.000000e+00 
-1.000000e+00 3.525481e-01 0.000000e+00 
-8.683544e-01 3.502702e-01 0.000000e+00 
-7.351619e-01 4.034082e-01 0.000000e+00 
-5.910360e-01 4.554426e-01 0.000000e+00 
-4.263433e-01 4.846503e-01 0.000000e+00 
-2.589283e-01 4.682147e-01 0.000000e+00 
-1.155619e-01 4.353546e-01 0.000000e+00 
1.415891e-01 3.967229e-01 0.000000e+00 
2.918527e-01 4.214008e-01 0.000000e+00 
4.502458e-01 4.462923e-01 0.000000e+00 
5.965403e-01 4.915655e-01 0.000000e+00 
7.176977e-01 3.906254e-01 0.000000e+00 
8.659785e-01 4.672249e-01 0.000000e+00 
1.000000e+00 5.396132e-01 0.000000e+00 
-1.000000e+00 4.616484e-01 0.000000e+00 
-8.600238e-01 4.881720e-01 0.000000e+00 
-7.142442e-01 5.377669e-01 0.000000e+00 
-5.641329e-01 5.804832e-01 0.000000e+00 
-4.416076e-01 6.179972e-01 0.000000e+00 
-3.137083e-01 5.961097e-01 0.000000e+00 
-1.744846e-01 5.868541e-01 0.000000e+00 
-4.723709e-02 5.582018e-01 0.000000e+00 
5.752478e-02 5.366771e-01 0.000000e+00 
2.029685e-01 5.491887e-01 0.000000e+00 
3.510785e-01 5.667999e-01 0.000000e+00 
5.007696e-01 5.925009e-01 0.000000e+00 
7.320587e-01 5.237806e-01 0.000000e+00 
-1.000000e+00 5.821296e-01 0.000000e+00 
-8.375000e-01 6.368950e-01 0.000000e+00 
-6.749909e-01 6.886986e-01 0.000000e+00 
-5.242129e-01 7.326978e-01 0.000000e+00 
-3.818882e-01 7.422916e-01 0.000000e+00 
-2.484474e-01 7.262957e-01 0.000000e+00 
-1.157599e-01 7.193729e-01 0.000000e+00 
1.308894e-01 6.903861e-01 0.000000e+00 
2.639509e-01 7.012573e-01 0.000000e+00 
3.976921e-01 7.158214e-01 0.000000e+00 
5.312287e-01 7.278184e-01 0.000000e+00 
6.658417e-01 6.572234e-01 0.000000e+00 
8.101265e-01 8.013957e-01 0.000000e+00 
8.449213e-01 6.228234e-01 0.000000e+00 
-1.000000e+00 7.555717e-01 0.000000e+00 
-8.081341e-01 8.168101e-01 0.000000e+00 
-6.213470e-01 8.473667e-01 0.000000e+00 
-4.652862e-01 8.675661e-01 0.000000e+00 
-3.197470e-01 8.666688e-01 0.000000e+00 
-1.823915e-01 8.602954e-01 0.000000e+00 
-4.906578e-02 8.502041e-01 0.000000e+00 
7.037185e-02 8.384356e-01 0.000000e+00 
1.970878e-01 8.464751e-01 0.000000e+00 
3.304252e-01 8.535230e-01 0.000000e+00 
4.722247e-01 8.614136e-01 0.000000e+00 
6.334503e-01 8.363989e-01 0.000000e+00 
7.527213e-01 1.000000e+00 0.000000e+00 
1.000000e+00 7.320009e-01 0.000000e+00 
-1.000000e+00 1.000000e+00 0.000000e+00 
-7.500238e-01 1.000000e+00 0.000000e+00 
-5.739639e-01 1.000000e+00 0.000000e+00 
-4.560943e-01 1.000000e+00 0.000000e+00 
-3.461294e-01 1.000000e+00 0.000000e+00 
-2.280434e-01 1.000000e+00 0.000000e+00 
-1.084121e-01 1.000000e+00 0.000000e+00 
8.945338e-03 1.000000e+00 0.000000e+00 
1.223265e-01 1.000000e+00 0.000000e+00 
2.365136e-01 1.000000e+00 0.000000e+00 
3.479148e-01 1.000000e+00 0.000000e+00 
4.567353e-01 1.000000e+00 0.000000e+00 
5.759675e-01 1.000000e+00 0.000000e+00 
1.000000e+00 1.000000e+00 0.000000e+00 
-7.594314e-01 -2.501671e-02 0.000000e+00 
-6.952058e-01 -5.761469e-02 0.000000e+00 
-6.165801e-01 -2.556906e-02 0.000000e+00 
-7.224989e-01 4.872474e-02 0.000000e+00 
-6.117767e-01 2.789007e-02 0.000000e+00 
-6.658769e-01 7.625726e-02 0.000000e+00 
6.160494e-01 -2.580887e-02 0.000000e+00 
6.932025e-01 -6.256884e-02 0.000000e+00 
7.513855e-01 -2.170699e-02 0.000000e+00 
5.985140e-01 3.453468e-02 0.000000e+00 
7.205542e-01 5.323026e-02 0.000000e+00 
6.536579e-01 7.608065e-02 0.000000e+00 
-2.494022e-02 6.179087e-01 0.000000e+00 
3.017985e-02 6.073155e-01 0.000000e+00 
-5.755192e-02 6.981487e-01 0.000000e+00 
6.503535e-02 6.838980e-01 0.000000e+00 
-2.424554e-02 7.640340e-01 0.000000e+00 
3.491857e-02 7.581141e-01 0.000000e+00 
-1.004169e-02 -7.611550e-01 0.000000e+00 
-5.221907e-02 -7.022235e-01 0.000000e+00 
5.793291e-02 -7.028308e-01 0.000000e+00 
-2.510488e-02 -6.173685e-01 0.000000e+00 
2.538791e-02 -6.169679e-01 0.000000e+00 
-8.684631e-01 -1.000000e+00 0.000000e+00 
-1.000000e+00 -8.728523e-01 0.000000e+00 
-9.103905e-01 -9.147532e-01 0.000000e+00 
-6.445616e-01 -1.000000e+00 0.000000e+00 
-7.788526e-01 -9.147539e-01 0.000000e+00 
-6.775535e-01 -9.303164e-01 0.000000e+00 
-4.892970e-01 -1.000000e+00 0.000000e+00 
-5.851799e-01 -9.303187e-01 0.000000e+00 
-5.045854e-01 -9.374900e-01 0.000000e+00 
-3.682077e-01 -1.000000e+00 0.000000e+00 
-4.416708e-01 -9.374927e-01 0.000000e+00 
-3.660679e-01 -9.377983e-01 0.000000e+00 
-2.509271e-01 -1.000000e+00 0.000000e+00 
-3.078559e-01 -9.378013e-01 0.000000e+00 
-1.299992e-01 -1.000000e+00 0.000000e+00 
-2.487318e-01 -9.377879e-01 0.000000e+00 
-1.751115e-01 -9.347473e-01 0.000000e+00 
-9.102386e-03 -1.000000e+00 0.000000e+00 
-1.132872e-01 -9.347581e-01 0.000000e+00 
-4.409198e-02 -9.223538e-01 0.000000e+00 
1.137138e-01 -1.000000e+00 0.000000e+00 
1.469252e-02 -9.223184e-01 0.000000e+00 
7.430013e-02 -9.332061e-01 0.000000e+00 
2.398228e-01 -1.000000e+00 0.000000e+00 
1.381383e-01 -9.334626e-01 0.000000e+00 
2.009106e-01 -9.286670e-01 0.000000e+00 
3.669560e-01 -1.000000e+00 0.000000e+00 
2.633091e-01 -9.286515e-01 0.000000e+00 
3.271341e-01 -9.327680e-01 0.000000e+00 
4.965417e-01 -1.000000e+00 0.000000e+00 
3.919494e-01 -9.327655e-01 0.000000e+00 
4.605731e-01 -9.309255e-01 0.000000e+00 
6.531201e-01 -1.000000e+00 0.000000e+00 
5.253974e-01 -9.309218e-01 0.000000e+00 
6.026818e-01 -9.210597e-01 0.000000e+00 
6.944656e-01 -9.210562e-01 0.000000e+00 
8.724466e-01 -1.000000e+00 0.000000e+00 
7.877832e-01 -9.039997e-01 0.000000e+00 
-9.103913e-01 -7.876048e-01 0.000000e+00 
-1.000000e+00 -6.571572e-01 0.000000e+00 
-9.284677e-01 -6.803468e-01 0.000000e+00 
-7.194826e-01 -8.450731e-01 0.000000e+00 
-7.787333e-01 -7.636064e-01 0.000000e+00 
-8.388618e-01 -7.222492e-01 0.000000e+00 
-5.375746e-01 -8.678197e-01 0.000000e+00 
-6.774329e-01 -7.791800e-01 0.000000e+00 
-6.107633e-01 -7.930996e-01 0.000000e+00 
-5.498912e-01 -8.056425e-01 0.000000e+00 
-3.813514e-01 -8.753084e-01 0.000000e+00 
-4.692782e-01 -8.128300e-01 0.000000e+00 
-4.057836e-01 -8.130321e-01 0.000000e+00 
-2.320707e-01 -8.725890e-01 0.000000e+00 
-3.301539e-01 -8.133527e-01 0.000000e+00 
-2.669411e-01 -8.084774e-01 0.000000e+00 
-8.908530e-02 -8.573093e-01 0.000000e+00 
-1.933024e-01 -8.054734e-01 0.000000e+00 
-1.317774e-01 -7.987890e-01 0.000000e+00 
3.920942e-02 -8.557857e-01 0.000000e+00 
-6.236493e-02 -7.861498e-01 0.000000e+00 
4.787283e-02 -7.864328e-01 0.000000e+00 
1.617157e-01 -8.621005e-01 0.000000e+00 
1.077502e-01 -7.977902e-01 0.000000e+00 
2.883284e-01 -8.614600e-01 0.000000e+00 
1.705162e-01 -7.930950e-01 0.000000e+00 
2.404877e-01 -7.902492e-01 0.000000e+00 
4.208110e-01 -8.637129e-01 0.000000e+00 
3.043179e-01 -7.943499e-01 0.000000e+00 
3.730986e-01 -8.018442e-01 0.000000e+00 
5.667452e-01 -8.519920e-01 0.000000e+00 
4.417412e-01 -7.999815e-01 0.000000e+00 
5.159951e-01 -7.931458e-01 0.000000e+00 
5.932931e-01 -7.832666e-01 0.000000e+00 
7.373593e-01 -8.250594e-01 0.000000e+00 
6.709006e-01 -7.594180e-01 0.000000e+00 
9.153384e-01 -9.039985e-01 0.000000e+00 
1.000000e+00 -8.598467e-01 0.000000e+00 
-6.700307e-01 -7.116304e-01 0.000000e+00 
-7.968213e-01 -6.563438e-01 0.000000e+00 
-7.050147e-01 -6.321088e-01 0.000000e+00 
-5.424893e-01 -7.381078e-01 0.000000e+00 
-6.383551e-01 -6.460402e-01 0.000000e+00 
-5.764756e-01 -6.643819e-01 0.000000e+00 
-4.181185e-01 -7.508695e-01 0.000000e+00 
-5.156035e-01 -6.769407e-01 0.000000e+00 
-4.501685e-01 -6.864237e-01 0.000000e+00 
-2.914295e-01 -7.462078e-01 0.000000e+00 
-3.866834e-01 -6.866418e-01 0.000000e+00 
-3.219279e-01 -6.804811e-01 0.000000e+00 
-1.667123e-01 -7.346302e-01 0.000000e+00 
-2.587647e-01 -6.756049e-01 0.000000e+00 
-1.955199e-01 -6.682524e-01 0.000000e+00 
-1.340649e-01 -6.615007e-01 0.000000e+00 
-7.710476e-02 -6.422423e-01 0.000000e+00 
1.865831e-01 -7.259702e-01 0.000000e+00 
8.302185e-02 -6.423682e-01 0.000000e+00 
1.460467e-01 -6.584597e-01 0.000000e+00 
3.253016e-01 -7.306170e-01 0.000000e+00 
2.159392e-01 -6.556406e-01 0.000000e+00 
2.871017e-01 -6.586916e-01 0.000000e+00 
4.230354e-01 -6.772739e-01 0.000000e+00 
4.683144e-01 -7.312649e-01 0.000000e+00 
3.558337e-01 -6.661897e-01 0.000000e+00 
4.972790e-01 -6.704230e-01 0.000000e+00 
3.848192e-01 -6.053407e-01 0.000000e+00 
4.399134e-01 -5.512275e-01 0.000000e+00 
5.144203e-01 -5.945981e-01 0.000000e+00 
5.596884e-01 -6.486016e-01 0.000000e+00 
6.201742e-01 -7.005615e-01 0.000000e+00 
7.642218e-01 -7.423470e-01 0.000000e+00 
8.429182e-01 -7.088985e-01 0.000000e+00 
9.153391e-01 -7.638449e-01 0.000000e+00 
-9.284703e-01 -5.917912e-01 0.000000e+00 
-1.000000e+00 -5.099769e-01 0.000000e+00 
-9.394457e-01 -5.108994e-01 0.000000e+00 
-7.651447e-01 -5.907351e-01 0.000000e+00 
-8.679285e-01 -5.340822e-01 0.000000e+00 
-8.124948e-01 -5.561715e-01 0.000000e+00 
-6.114782e-01 -5.848571e-01 0.000000e+00 
-7.207056e-01 -5.319345e-01 0.000000e+00 
-6.455209e-01 -5.048235e-01 0.000000e+00 
-4.841765e-01 -6.126954e-01 0.000000e+00 
-5.836513e-01 -5.231801e-01 0.000000e+00 
-5.236921e-01 -5.479048e-01 0.000000e+00 
-3.540042e-01 -6.160249e-01 0.000000e+00 
-4.582732e-01 -5.573978e-01 0.000000e+00 
-3.929341e-01 -5.532475e-01 0.000000e+00 
-2.260424e-01 -6.025047e-01 0.000000e+00 
-3.282041e-01 -5.470819e-01 0.000000e+00 
-2.636964e-01 -5.375397e-01 0.000000e+00 
-1.058516e-01 -5.759766e-01 0.000000e+00 
-2.004525e-01 -5.301621e-01 0.000000e+00 
-1.390365e-01 -5.150478e-01 0.000000e+00 
-8.124114e-02 -4.952276e-01 0.000000e+00 
1.123360e-01 -5.720640e-01 0.000000e+00 
8.250752e-02 -4.930800e-01 0.000000e+00 
2.464884e-01 -5.912013e-01 0.000000e+00 
1.464244e-01 -5.098533e-01 0.000000e+00 
2.193771e-01 -5.255863e-01 0.000000e+00 
3.727335e-01 -5.401431e-01 0.000000e+00 
2.905401e-01 -5.286564e-01 0.000000e+00 
5.023161e-01 -5.293985e-01 0.000000e+00 
3.456282e-01 -4.745440e-01 0.000000e+00 
4.585841e-01 -4.293958e-01 0.000000e+00 
5.129855e-01 -4.676635e-01 0.000000e+00 
3.869145e-01 -4.190532e-01 0.000000e+00 
6.372946e-01 -6.247316e-01 0.000000e+00 
5.874868e-01 -5.110314e-01 0.000000e+00 
6.524055e-01 -5.476490e-01 0.000000e+00 
7.764741e-01 -6.432422e-01 0.000000e+00 
7.128744e-01 -5.996234e-01 0.000000e+00 
9.275762e-01 -6.647443e-01 0.000000e+00 
7.915639e-01 -5.661555e-01 0.000000e+00 
8.626321e-01 -5.336168e-01 0.000000e+00 
9.275788e-01 -5.674692e-01 0.000000e+00 
1.000000e+00 -6.224292e-01 0.000000e+00 
-9.394477e-01 -4.522512e-01 0.000000e+00 
-1.000000e+00 -3.949424e-01 0.000000e+00 
-8.234855e-01 -4.752600e-01 0.000000e+00 
-9.394549e-01 -3.958321e-01 0.000000e+00 
-8.718581e-01 -3.839874e-01 0.000000e+00 
-8.082615e-01 -4.120862e-01 0.000000e+00 
-6.928801e-01 -4.702385e-01 0.000000e+00 
-7.528380e-01 -4.341942e-01 0.000000e+00 
-5.577455e-01 -4.678743e-01 0.000000e+00 
-6.776715e-01 -4.070848e-01 0.000000e+00 
-6.089279e-01 -3.746966e-01 0.000000e+00 
-5.467194e-01 -4.061858e-01 0.000000e+00 
-4.324534e-01 -4.884554e-01 0.000000e+00 
-4.867594e-01 -4.309149e-01 0.000000e+00 
-3.026121e-01 -4.747583e-01 0.000000e+00 
-4.214237e-01 -4.267708e-01 0.000000e+00 
-3.522768e-01 -4.153596e-01 0.000000e+00 
-1.766117e-01 -4.502937e-01 0.000000e+00 
-2.877679e-01 -4.057980e-01 0.000000e+00 
-2.207015e-01 -3.907470e-01 0.000000e+00 
-1.589297e-01 -3.758073e-01 0.000000e+00 
1.903557e-01 -4.475173e-01 0.000000e+00 
1.603964e-01 -3.737444e-01 0.000000e+00 
2.337252e-01 -3.893038e-01 0.000000e+00 
3.047209e-01 -4.075317e-01 0.000000e+00 
5.437526e-01 -4.110236e-01 0.000000e+00 
4.176616e-01 -3.624372e-01 0.000000e+00 
4.733604e-01 -3.103598e-01 0.000000e+00 
5.520834e-01 -3.392569e-01 0.000000e+00 
6.630648e-01 -4.859012e-01 0.000000e+00 
6.064866e-01 -3.775074e-01 0.000000e+00 
6.693285e-01 -4.175567e-01 0.000000e+00 
7.990436e-01 -4.899743e-01 0.000000e+00 
7.342310e-01 -4.541844e-01 0.000000e+00 
9.350434e-01 -4.913003e-01 0.000000e+00 
8.052891e-01 -4.216223e-01 0.000000e+00 
8.720900e-01 -3.834514e-01 0.000000e+00 
9.350499e-01 -4.159030e-01 0.000000e+00 
1.000000e+00 -4.497862e-01 0.000000e+00 
-9.323901e-01 -3.266535e-01 0.000000e+00 
-1.000000e+00 -2.818939e-01 0.000000e+00 
-8.012209e-01 -3.428897e-01 0.000000e+00 
-9.323788e-01 -2.699640e-01 0.000000e+00 
-8.631849e-01 -2.467257e-01 0.000000e+00 
-7.970151e-01 -2.774646e-01 0.000000e+00 
-6.689010e-01 -3.386285e-01 0.000000e+00 
-7.334208e-01 -3.056279e-01 0.000000e+00 
-5.379431e-01 -3.377555e-01 0.000000e+00 
-6.646914e-01 -2.732552e-01 0.000000e+00 
-5.915845e-01 -2.407588e-01 0.000000e+00 
-5.272979e-01 -2.749025e-01 0.000000e+00 
-4.065482e-01 -3.578531e-01 0.000000e+00 
-4.650975e-01 -3.063752e-01 0.000000e+00 
-2.703912e-01 -3.314072e-01 0.000000e+00 
-3.958855e-01 -2.950721e-01 0.000000e+00 
-3.241408e-01 -2.773028e-01 0.000000e+00 
-2.568856e-01 -2.620266e-01 0.000000e+00 
2.750163e-01 -3.338542e-01 0.000000e+00 
2.567331e-01 -2.620756e-01 0.000000e+00 
4.016600e-01 -3.000308e-01 0.000000e+00 
3.279532e-01 -2.805452e-01 0.000000e+00 
5.361013e-01 -2.768546e-01 0.000000e+00 
3.835900e-01 -2.284514e-01 0.000000e+00 
4.438201e-01 -1.831765e-01 0.000000e+00 
5.201146e-01 -2.139258e-01 0.000000e+00 
6.776587e-01 -3.457643e-01 0.000000e+00 
5.988588e-01 -2.428198e-01 0.000000e+00 
6.796370e-01 -2.752296e-01 0.000000e+00 
8.072850e-01 -3.476228e-01 0.000000e+00 
7.424624e-01 -3.152721e-01 0.000000e+00 
9.370257e-01 -3.419308e-01 0.000000e+00 
8.092582e-01 -2.770422e-01 0.000000e+00 
8.736091e-01 -2.356487e-01 0.000000e+00 
9.370140e-01 -2.645016e-01 0.000000e+00 
1.000000e+00 -2.970265e-01 0.000000e+00 
-9.307429e-01 -2.019349e-01 0.000000e+00 
-1.000000e+00 -1.675267e-01 0.000000e+00 
-7.954283e-01 -2.094321e-01 0.000000e+00 
-9.307572e-01 -1.442204e-01 0.000000e+00 
-8.513766e-01 -1.146211e-01 0.000000e+00 
-7.875671e-01 -1.472286e-01 0.000000e+00 
-6.561272e-01 -2.077427e-01 0.000000e+00 
-7.213376e-01 -1.780245e-01 0.000000e+00 
-5.186963e-01 -2.093941e-01 0.000000e+00 
-6.481951e-01 -1.455988e-01 0.000000e+00 
-5.691562e-01 -1.124263e-01 0.000000e+00 
-5.071594e-01 -1.464539e-01 0.000000e+00 
-3.826087e-01 -2.258496e-01 0.000000e+00 
-4.430620e-01 -1.805301e-01 0.000000e+00 
-3.712154e-01 -1.625304e-01 0.000000e+00 
3.700019e-01 -1.633806e-01 0.000000e+00 
5.064057e-01 -1.492363e-01 0.000000e+00 
4.915366e-01 -8.342606e-02 0.000000e+00 
6.636886e-01 -2.123009e-01 0.000000e+00 
5.686368e-01 -1.149880e-01 0.000000e+00 
6.458074e-01 -1.528438e-01 0.000000e+00 
8.088252e-01 -2.032565e-01 0.000000e+00 
7.266168e-01 -1.851888e-01 0.000000e+00 
9.365372e-01 -1.907399e-01 0.000000e+00 
7.910107e-01 -1.437192e-01 0.000000e+00 
8.492636e-01 -1.028144e-01 0.000000e+00 
9.365374e-01 -1.119389e-01 0.000000e+00 
1.000000e+00 -1.408203e-01 0.000000e+00 
-9.203737e-01 -8.024851e-02 0.000000e+00 
-1.000000e+00 -5.554247e-02 0.000000e+00 
-7.771286e-01 -8.298556e-02 0.000000e+00 
-9.203272e-01 -2.621770e-02 0.000000e+00 
-8.614258e-01 7.346978e-03 0.000000e+00 
-8.038745e-01 2.356838e-02 0.000000e+00 
-6.343425e-01 -8.284592e-02 0.000000e+00 
-4.926772e-01 -8.272445e-02 0.000000e+00 
6.316148e-01 -8.799383e-02 0.000000e+00 
7.669614e-01 -8.452771e-02 0.000000e+00 
9.124210e-01 -5.313754e-02 0.000000e+00 
7.939218e-01 3.132128e-02 0.000000e+00 
8.609610e-01 1.765873e-03 0.000000e+00 
9.484597e-01 -7.021604e-03 0.000000e+00 
1.000000e+00 2.169335e-02 0.000000e+00 
-9.411509e-01 3.215650e-02 0.000000e+00 
-1.000000e+00 6.172099e-02 0.000000e+00 
-8.250448e-01 8.182282e-02 0.000000e+00 
-9.413077e-01 9.516124e-02 0.000000e+00 
-8.763514e-01 1.371471e-01 0.000000e+00 
-8.189959e-01 1.531793e-01 0.000000e+00 
-7.103179e-01 1.252521e-01 0.000000e+00 
-7.588211e-01 1.766686e-01 0.000000e+00 
-5.990147e-01 1.032620e-01 0.000000e+00 
-5.420271e-01 1.303909e-01 0.000000e+00 
-4.822228e-01 8.876058e-02 0.000000e+00 
4.445839e-01 1.125220e-01 0.000000e+00 
5.114740e-01 1.421101e-01 0.000000e+00 
5.731891e-01 1.096790e-01 0.000000e+00 
8.302856e-01 7.735524e-02 0.000000e+00 
6.960716e-01 1.295113e-01 0.000000e+00 
8.150044e-01 1.511857e-01 0.000000e+00 
7.399210e-01 1.816240e-01 0.000000e+00 
9.486956e-01 7.656954e-02 0.000000e+00 
8.818747e-01 1.217209e-01 0.000000e+00 
9.332558e-01 1.504195e-01 0.000000e+00 
1.000000e+00 1.790020e-01 0.000000e+00 
-9.351133e-01 1.665790e-01 0.000000e+00 
-1.000000e+00 1.835077e-01 0.000000e+00 
-9.351083e-01 2.254043e-01 0.000000e+00 
-8.099755e-01 2.320270e-01 0.000000e+00 
-8.692938e-01 2.794269e-01 0.000000e+00 
-5.956851e-01 1.799290e-01 0.000000e+00 
-7.012217e-01 2.041575e-01 0.000000e+00 
-6.395097e-01 2.322568e-01 0.000000e+00 
-4.795370e-01 1.660950e-01 0.000000e+00 
-5.827398e-01 2.593061e-01 0.000000e+00 
-5.173050e-01 2.858151e-01 0.000000e+00 
-4.799165e-01 2.343231e-01 0.000000e+00 
-3.588598e-01 1.719897e-01 0.000000e+00 
-4.204737e-01 1.933439e-01 0.000000e+00 
-3.593032e-01 2.406509e-01 0.000000e+00 
-3.184794e-01 2.940224e-01 0.000000e+00 
-2.480588e-01 2.705695e-01 0.000000e+00 
4.386610e-01 1.880445e-01 0.000000e+00 
3.092670e-01 2.134629e-01 0.000000e+00 
3.852670e-01 2.355063e-01 0.000000e+00 
5.665730e-01 1.846660e-01 0.000000e+00 
4.517353e-01 2.645698e-01 0.000000e+00 
5.378763e-01 2.780602e-01 0.000000e+00 
5.994502e-01 2.457397e-01 0.000000e+00 
6.723067e-01 2.043635e-01 0.000000e+00 
9.332536e-01 2.240831e-01 0.000000e+00 
7.913451e-01 2.259876e-01 0.000000e+00 
8.622789e-01 2.626994e-01 0.000000e+00 
9.290077e-01 2.911654e-01 0.000000e+00 
1.000000e+00 3.236281e-01 0.000000e+00 
-1.000000e+00 2.974216e-01 0.000000e+00 
-9.341703e-01 2.962407e-01 0.000000e+00 
-6.881090e-01 2.836047e-01 0.000000e+00 
-8.090367e-01 3.028888e-01 0.000000e+00 
-7.424457e-01 3.294816e-01 0.000000e+00 
-5.610084e-01 3.381638e-01 0.000000e+00 
-6.808190e-01 3.574988e-01 0.000000e+00 
-6.087603e-01 3.835293e-01 0.000000e+00 
-4.581497e-01 3.131770e-01 0.000000e+00 
-4.172806e-01 3.665651e-01 0.000000e+00 
-5.432910e-01 4.100656e-01 0.000000e+00 
-4.609371e-01 4.246744e-01 0.000000e+00 
-3.798956e-01 3.150397e-01 0.000000e+00 
-2.688628e-01 3.451681e-01 0.000000e+00 
-3.827042e-01 4.265372e-01 0.000000e+00 
-2.990069e-01 4.182999e-01 0.000000e+00 
-2.287934e-01 3.950356e-01 0.000000e+00 
-1.566127e-01 3.785757e-01 0.000000e+00 
3.225415e-01 2.903934e-01 0.000000e+00 
1.936946e-01 3.325280e-01 0.000000e+00 
2.693541e-01 3.450235e-01 0.000000e+00 
4.844720e-01 3.256375e-01 0.000000e+00 
3.450733e-01 3.667477e-01 0.000000e+00 
4.242721e-01 3.792069e-01 0.000000e+00 
6.434193e-01 2.978159e-01 0.000000e+00 
5.104572e-01 3.927070e-01 0.000000e+00 
5.836031e-01 4.153297e-01 0.000000e+00 
6.441860e-01 3.648572e-01 0.000000e+00 
7.870982e-01 2.930976e-01 0.000000e+00 
7.169337e-01 3.235451e-01 0.000000e+00 
9.290020e-01 3.622035e-01 0.000000e+00 
7.878741e-01 3.601905e-01 0.000000e+00 
8.620057e-01 3.985112e-01 0.000000e+00 
9.329829e-01 4.309103e-01 0.000000e+00 
1.000000e+00 4.671237e-01 0.000000e+00 
-9.341647e-01 3.513916e-01 0.000000e+00 
-1.000000e+00 4.070983e-01 0.000000e+00 
-8.017651e-01 3.768223e-01 0.000000e+00 
-9.341630e-01 4.059624e-01 0.000000e+00 
-8.641908e-01 4.192239e-01 0.000000e+00 
-6.631053e-01 4.294224e-01 0.000000e+00 
-7.975908e-01 4.457806e-01 0.000000e+00 
-7.247041e-01 4.705937e-01 0.000000e+00 
-5.086899e-01 4.700568e-01 0.000000e+00 
-6.526407e-01 4.965978e-01 0.000000e+00 
-5.775843e-01 5.179669e-01 0.000000e+00 
-3.426488e-01 4.764514e-01 0.000000e+00 
-4.952346e-01 5.325671e-01 0.000000e+00 
-4.339759e-01 5.513250e-01 0.000000e+00 
-3.700337e-01 5.403816e-01 0.000000e+00 
-1.870257e-01 4.518040e-01 0.000000e+00 
-2.863339e-01 5.321823e-01 0.000000e+00 
-2.166952e-01 5.275557e-01 0.000000e+00 
-1.448987e-01 5.109168e-01 0.000000e+00 
-8.092986e-02 4.958060e-01 0.000000e+00 
2.164916e-01 4.090538e-01 0.000000e+00 
9.904621e-02 4.656520e-01 0.000000e+00 
1.720976e-01 4.728090e-01 0.000000e+00 
3.710631e-01 4.338592e-01 0.000000e+00 
2.473949e-01 4.853279e-01 0.000000e+00 
3.214849e-01 4.941105e-01 0.000000e+00 
5.233923e-01 4.689302e-01 0.000000e+00 
4.006703e-01 5.065454e-01 0.000000e+00 
4.755093e-01 5.193963e-01 0.000000e+00 
6.571251e-01 4.411005e-01 0.000000e+00 
5.486579e-01 5.420376e-01 0.000000e+00 
6.643032e-01 5.076680e-01 0.000000e+00 
6.311870e-01 5.743961e-01 0.000000e+00 
7.918364e-01 4.289096e-01 0.000000e+00 
7.248773e-01 4.572063e-01 0.000000e+00 
9.329802e-01 5.034200e-01 0.000000e+00 
7.990225e-01 4.954948e-01 0.000000e+00 
8.554499e-01 5.450280e-01 0.000000e+00 
9.224589e-01 5.812091e-01 0.000000e+00 
1.000000e+00 6.358071e-01 0.000000e+00 
-9.300049e-01 4.748972e-01 0.000000e+00 
-1.000000e+00 5.218890e-01 0.000000e+00 
-7.871384e-01 5.129607e-01 0.000000e+00 
-9.300026e-01 5.351524e-01 0.000000e+00 
-8.487618e-01 5.625371e-01 0.000000e+00 
-6.391961e-01 5.591237e-01 0.000000e+00 
-7.758673e-01 5.873249e-01 0.000000e+00 
-6.946168e-01 6.132377e-01 0.000000e+00 
-5.028738e-01 5.992411e-01 0.000000e+00 
-6.195590e-01 6.345861e-01 0.000000e+00 
-5.441702e-01 6.565968e-01 0.000000e+00 
-3.776532e-01 6.070549e-01 0.000000e+00 
-4.829036e-01 6.753480e-01 0.000000e+00 
-4.117474e-01 6.801522e-01 0.000000e+00 
-2.440819e-01 5.915046e-01 0.000000e+00 
-3.477824e-01 6.692104e-01 0.000000e+00 
-2.810891e-01 6.612054e-01 0.000000e+00 
-1.114260e-01 5.724188e-01 0.000000e+00 
-2.114488e-01 6.566035e-01 0.000000e+00 
-1.451744e-01 6.531263e-01 0.000000e+00 
-8.215874e-02 6.386496e-01 0.000000e+00 
1.307492e-01 5.426498e-01 0.000000e+00 
9.481112e-02 6.133511e-01 0.000000e+00 
2.769995e-01 5.580169e-01 0.000000e+00 
1.670215e-01 6.197698e-01 0.000000e+00 
2.334646e-01 6.252272e-01 0.000000e+00 
4.259258e-01 5.796545e-01 0.000000e+00 
3.075242e-01 6.340366e-01 0.000000e+00 
3.743811e-01 6.413221e-01 0.000000e+00 
4.492383e-01 6.541698e-01 0.000000e+00 
5.159933e-01 6.601629e-01 0.000000e+00 
5.833045e-01 6.248579e-01 0.000000e+00 
6.989528e-01 5.905068e-01 0.000000e+00 
7.884847e-01 5.732980e-01 0.000000e+00 
-9.187478e-01 6.095044e-01 0.000000e+00 
-1.000000e+00 6.688506e-01 0.000000e+00 
-7.562503e-01 6.627923e-01 0.000000e+00 
-9.187448e-01 6.962346e-01 0.000000e+00 
-8.228157e-01 7.268561e-01 0.000000e+00 
-5.996079e-01 7.106982e-01 0.000000e+00 
-7.415593e-01 7.527491e-01 0.000000e+00 
-6.481644e-01 7.680368e-01 0.000000e+00 
-4.530547e-01 7.374936e-01 0.000000e+00 
-5.727772e-01 7.900262e-01 0.000000e+00 
-4.947408e-01 8.001352e-01 0.000000e+00 
-3.151673e-01 7.342891e-01 0.000000e+00 
-4.235774e-01 8.049218e-01 0.000000e+00 
-3.508070e-01 8.044859e-01 0.000000e+00 
-1.821094e-01 7.228695e-01 0.000000e+00 
-2.840574e-01 7.964864e-01 0.000000e+00 
-2.153718e-01 7.933212e-01 0.000000e+00 
-1.490448e-01 7.899147e-01 0.000000e+00 
-8.211069e-02 7.846703e-01 0.000000e+00 
1.974464e-01 6.958535e-01 0.000000e+00 
1.004958e-01 7.644260e-01 0.000000e+00 
1.639338e-01 7.685050e-01 0.000000e+00 
3.308146e-01 7.085447e-01 0.000000e+00 
2.304924e-01 7.738886e-01 0.000000e+00 
2.971442e-01 7.774016e-01 0.000000e+00 
4.644627e-01 7.218183e-01 0.000000e+00 
3.640460e-01 7.846797e-01 0.000000e+00 
4.349417e-01 7.886148e-01 0.000000e+00 
5.985407e-01 6.925229e-01 0.000000e+00 
5.017186e-01 7.946208e-01 0.000000e+00 
5.823359e-01 7.821041e-01 0.000000e+00 
7.379777e-01 7.293039e-01 0.000000e+00 
7.553860e-01 6.400163e-01 0.000000e+00 
6.496396e-01 7.468161e-01 0.000000e+00 
8.275229e-01 7.121136e-01 0.000000e+00 
7.217923e-01 8.188960e-01 0.000000e+00 
7.814219e-01 9.006983e-01 0.000000e+00 
9.050637e-01 7.666966e-01 0.000000e+00 
9.050625e-01 9.006971e-01 0.000000e+00 
9.224554e-01 6.774143e-01 0.000000e+00 
-9.040673e-01 7.861889e-01 0.000000e+00 
-1.000000e+00 8.777858e-01 0.000000e+00 
-7.147447e-01 8.320872e-01 0.000000e+00 
-9.040663e-01 9.084046e-01 0.000000e+00 
-7.790781e-01 9.084054e-01 0.000000e+00 
-5.433209e-01 8.574665e-01 0.000000e+00 
-6.856887e-01 9.236778e-01 0.000000e+00 
-5.976502e-01 9.236810e-01 0.000000e+00 
-3.925273e-01 8.671189e-01 0.000000e+00 
-5.196319e-01 9.337723e-01 0.000000e+00 
-4.606805e-01 9.337744e-01 0.000000e+00 
-4.056800e-01 9.337817e-01 0.000000e+00 
-2.510412e-01 8.634716e-01 0.000000e+00 
-3.329344e-01 9.333225e-01 0.000000e+00 
-2.738478e-01 9.333109e-01 0.000000e+00 
-1.155862e-01 8.553540e-01 0.000000e+00 
-2.051584e-01 9.300999e-01 0.000000e+00 
-1.453463e-01 9.301244e-01 0.000000e+00 
1.071784e-02 8.440536e-01 0.000000e+00 
-7.868084e-02 9.250269e-01 0.000000e+00 
-2.013553e-02 9.249132e-01 0.000000e+00 
1.337016e-01 8.424531e-01 0.000000e+00 
3.962603e-02 9.189106e-01 0.000000e+00 
9.625490e-02 9.191987e-01 0.000000e+00 
2.637522e-01 8.499998e-01 0.000000e+00 
1.596434e-01 9.232038e-01 0.000000e+00 
2.167668e-01 9.232078e-01 0.000000e+00 
4.013316e-01 8.574684e-01 0.000000e+00 
2.834149e-01 9.267465e-01 0.000000e+00 
3.391479e-01 9.267476e-01 0.000000e+00 
3.935845e-01 9.267451e-01 0.000000e+00 
5.528417e-01 8.489067e-01 0.000000e+00 
4.644670e-01 9.306997e-01 0.000000e+00 
5.240988e-01 9.306963e-01 0.000000e+00 
6.930877e-01 9.181935e-01 0.000000e+00 
6.047006e-01 9.181969e-01 0.000000e+00 
6.643444e-01 1.000000e+00 0.000000e+00 
8.763606e-01 1.000000e+00 0.000000e+00 
1.000000e+00 8.660005e-01 0.000000e+00 
-8.750119e-01 1.000000e+00 0.000000e+00 
-6.619938e-01 1.000000e+00 0.000000e+00 
-5.150291e-01 1.000000e+00 0.000000e+00 
-4.011118e-01 1.000000e+00 0.000000e+00 
-2.870864e-01 1.000000e+00 0.000000e+00 
-1.682277e-01 1.000000e+00 0.000000e+00 
-4.973336e-02 1.000000e+00 0.000000e+00 
6.563594e-02 1.000000e+00 0.000000e+00 
1.794200e-01 1.000000e+00 0.000000e+00 
2.922142e-01 1.000000e+00 0.000000e+00 
4.023251e-01 1.000000e+00 0.000000e+00 
5.163514e-01 1.000000e+00 0.000000e+00 
