-4.542053e-01 4.855957e-03 0.000000e+00 
4.556434e-01 1.425779e-03 0.000000e+00 
1.331949e-03 4.538656e-01 0.000000e+00 
-2.355034e-03 -4.553843e-01 0.000000e+00 
-1.000000e+00 -1.000000e+00 0.000000e+00 
-7.369261e-01 -1.000000e+00 0.000000e+00 
-5.521970e-01 -1.000000e+00 0.000000e+00 
-4.263971e-01 -1.000000e+00 0.000000e+00 
-3.100182e-01 -1.000000e+00 0.000000e+00 
-1.918360e-01 -1.000000e+00 0.000000e+00 
-6.816245e-02 -1.000000e+00 0.000000e+00 
4.995768e-02 -1.000000e+00 0.000000e+00 
1.774699e-01 -1.000000e+00 0.000000e+00 
3.021756e-01 -1.000000e+00 0.000000e+00 
4.317364e-01 -1.000000e+00 0.000000e+00 
5.613470e-01 -1.000000e+00 0.000000e+00 
7.448932e-01 -1.000000e+00 0.000000e+00 
-1.000000e+00 -7.457046e-01 0.000000e+00 
-8.209602e-01 -8.294768e-01 0.000000e+00 
-6.173016e-01 -8.617290e-01 0.000000e+00 
-4.524875e-01 -8.770915e-01 0.000000e+00 
-2.960589e-01 -8.776648e-01 0.000000e+00 
-1.436876e-01 -8.720081e-01 0.000000e+00 
-1.674323e-02 -8.172965e-01 0.000000e+00 
8.222567e-02 -8.658746e-01 0.000000e+00 
2.096171e-01 -8.599587e-01 0.000000e+00 
3.428706e-01 -8.687369e-01 0.000000e+00 
4.851004e-01 -8.642324e-01 0.000000e+00 
6.430343e-01 -8.433671e-01 0.000000e+00 
1.000000e+00 -1.000000e+00 0.000000e+00 
-7.382270e-01 -6.979907e-01 0.000000e+00 
-6.039181e-01 -7.288253e-01 0.000000e+00 
-4.783107e-01 -7.568996e-01 0.000000e+00 
-3.447918e-01 -7.596452e-01 0.000000e+00 
-2.099073e-01 -7.478806e-01 0.000000e+00 
-8.350142e-02 -7.240107e-01 0.000000e+00 
9.753677e-02 -7.298538e-01 0.000000e+00 
2.402688e-01 -7.323289e-01 0.000000e+00 
3.863663e-01 -7.469584e-01 0.000000e+00 
4.529246e-01 -6.285334e-01 0.000000e+00 
5.411516e-01 -7.299681e-01 0.000000e+00 
8.307823e-01 -8.081046e-01 0.000000e+00 
-1.000000e+00 -5.686098e-01 0.000000e+00 
-8.581367e-01 -6.135090e-01 0.000000e+00 
-6.788277e-01 -5.666769e-01 0.000000e+00 
-5.544946e-01 -6.099330e-01 0.000000e+00 
-4.186972e-01 -6.361998e-01 0.000000e+00 
-2.811303e-01 -6.277588e-01 0.000000e+00 
-1.502103e-01 -6.069403e-01 0.000000e+00 
-2.822066e-02 -4.542683e-01 0.000000e+00 
2.442614e-02 -4.545322e-01 0.000000e+00 
1.630550e-01 -6.020541e-01 0.000000e+00 
3.129725e-01 -6.125273e-01 0.000000e+00 
4.401319e-01 -5.037295e-01 0.000000e+00 
5.827794e-01 -5.788041e-01 0.000000e+00 
6.996098e-01 -6.782318e-01 0.000000e+00 
8.564579e-01 -6.085068e-01 0.000000e+00 
1.000000e+00 -7.196934e-01 0.000000e+00 
-1.000000e+00 -4.513440e-01 0.000000e+00 
-8.807567e-01 -4.483536e-01 0.000000e+00 
-7.728020e-01 -4.932690e-01 0.000000e+00 
-6.296332e-01 -4.425507e-01 0.000000e+00 
-5.098539e-01 -5.030223e-01 0.000000e+00 
-3.770447e-01 -5.076774e-01 0.000000e+00 
-2.410949e-01 -4.907188e-01 0.000000e+00 
-9.821112e-02 -4.421981e-01 0.000000e+00 
9.775832e-02 -4.423402e-01 0.000000e+00 
2.685943e-01 -4.886252e-01 0.000000e+00 
5.116355e-01 -3.825965e-01 0.000000e+00 
6.108582e-01 -4.515664e-01 0.000000e+00 
7.338880e-01 -5.207928e-01 0.000000e+00 
8.723523e-01 -4.525636e-01 0.000000e+00 
1.000000e+00 -5.251649e-01 0.000000e+00 
-1.000000e+00 -3.385408e-01 0.000000e+00 
-8.672889e-01 -3.047354e-01 0.000000e+00 
-7.463166e-01 -3.618687e-01 0.000000e+00 
-6.192282e-01 -2.989195e-01 0.000000e+00 
-4.927051e-01 -3.771597e-01 0.000000e+00 
-3.593837e-01 -3.745534e-01 0.000000e+00 
-2.347759e-01 -3.767106e-01 0.000000e+00 
2.258122e-01 -3.829491e-01 0.000000e+00 
3.679984e-01 -3.732062e-01 0.000000e+00 
4.842468e-01 -2.530806e-01 0.000000e+00 
6.319144e-01 -2.983014e-01 0.000000e+00 
7.490921e-01 -3.776031e-01 0.000000e+00 
8.759290e-01 -2.996162e-01 0.000000e+00 
1.000000e+00 -3.744076e-01 0.000000e+00 
-1.000000e+00 -2.252470e-01 0.000000e+00 
-8.657716e-01 -1.632377e-01 0.000000e+00 
-7.382134e-01 -2.218340e-01 0.000000e+00 
-6.003158e-01 -1.630355e-01 0.000000e+00 
-4.865873e-01 -2.366702e-01 0.000000e+00 
-3.775967e-01 -2.331178e-01 0.000000e+00 
3.741118e-01 -2.384003e-01 0.000000e+00 
4.418543e-01 -1.004035e-01 0.000000e+00 
5.974319e-01 -1.685617e-01 0.000000e+00 
7.514350e-01 -2.270058e-01 0.000000e+00 
8.758118e-01 -1.481601e-01 0.000000e+00 
1.000000e+00 -2.196454e-01 0.000000e+00 
-1.000000e+00 -1.098064e-01 0.000000e+00 
-8.146134e-01 -4.105690e-02 0.000000e+00 
-7.126747e-01 -9.287546e-02 0.000000e+00 
-4.534856e-01 -2.263097e-02 0.000000e+00 
-4.414770e-01 -9.684026e-02 0.000000e+00 
4.546175e-01 -2.696524e-02 0.000000e+00 
7.087623e-01 -1.043884e-01 0.000000e+00 
7.969952e-01 -3.515033e-02 0.000000e+00 
1.000000e+00 -6.199533e-02 0.000000e+00 
-1.000000e+00 -1.278524e-03 0.000000e+00 
-8.815452e-01 5.249661e-02 0.000000e+00 
-7.651199e-01 8.024750e-02 0.000000e+00 
-4.527128e-01 3.267077e-02 0.000000e+00 
4.534543e-01 3.932203e-02 0.000000e+00 
7.631370e-01 8.767380e-02 0.000000e+00 
8.969442e-01 3.565447e-02 0.000000e+00 
1.000000e+00 1.053820e-01 0.000000e+00 
-1.000000e+00 1.247205e-01 0.000000e+00 
-8.713478e-01 1.955245e-01 0.000000e+00 
-6.576833e-01 1.371901e-01 0.000000e+00 
-5.579832e-01 2.032671e-01 0.000000e+00 
-4.371577e-01 1.115147e-01 0.000000e+00 
-3.593303e-01 2.558776e-01 0.000000e+00 
4.209224e-01 1.578847e-01 0.000000e+00 
5.302073e-01 2.126617e-01 0.000000e+00 
6.359639e-01 1.367519e-01 0.000000e+00 
8.675323e-01 1.818211e-01 0.000000e+00 
1.000000e+00 2.526220e-01 0.000000e+00 
-1.000000e+00 2.422950e-01 0.000000e+00 
-7.564974e-01 2.398761e-01 0.000000e+00 
-6.420218e-01 3.047125e-01 0.000000e+00 
-5.175142e-01 3.736140e-01 0.000000e+00 
-4.515660e-01 2.705498e-01 0.000000e+00 
-3.584516e-01 3.897977e-01 0.000000e+00 
-2.165834e-01 3.871658e-01 0.000000e+00 
2.950264e-01 3.274357e-01 0.000000e+00 
4.223605e-01 3.255346e-01 0.000000e+00 
5.902034e-01 3.373126e-01 0.000000e+00 
7.247995e-01 2.404445e-01 0.000000e+00 
8.611978e-01 3.199235e-01 0.000000e+00 
1.000000e+00 3.946342e-01 0.000000e+00 
-1.000000e+00 3.525481e-01 0.000000e+00 
-8.712216e-01 3.416529e-01 0.000000e+00 
-7.439332e-01 3.972782e-01 0.000000e+00 
-6.031894e-01 4.594275e-01 0.000000e+00 
-4.378930e-01 5.025225e-01 0.000000e+00 
-2.623957e-01 4.933367e-01 0.000000e+00 
-9.565767e-02 4.411658e-01 0.000000e+00 
1.318920e-01 4.302875e-01 0.000000e+00 
3.032987e-01 4.468136e-01 0.000000e+00 
4.663627e-01 4.615832e-01 0.000000e+00 
6.067861e-01 4.947243e-01 0.000000e+00 
7.271823e-01 3.834734e-01 0.000000e+00 
8.682842e-01 4.625724e-01 0.000000e+00 
1.000000e+00 5.396132e-01 0.000000e+00 
-1.000000e+00 4.616484e-01 0.000000e+00 
-8.623778e-01 4.843513e-01 0.000000e+00 
-7.198807e-01 5.373946e-01 0.000000e+00 
-5.690135e-01 5.875341e-01 0.000000e+00 
-4.412897e-01 6.305336e-01 0.000000e+00 
-3.078791e-01 6.143161e-01 0.000000e+00 
-1.621910e-01 6.006665e-01 0.000000e+00 
-2.411351e-02 4.529656e-01 0.000000e+00 
3.301686e-02 4.523735e-01 0.000000e+00 
1.958148e-01 5.672326e-01 0.000000e+00 
3.517634e-01 5.853134e-01 0.000000e+00 
5.047840e-01 6.019521e-01 0.000000e+00 
7.377245e-01 5.217584e-01 0.000000e+00 
-1.000000e+00 5.821296e-01 0.000000e+00 
-8.387280e-01 6.362496e-01 0.000000e+00 
-6.762217e-01 6.910488e-01 0.000000e+00 
-5.215841e-01 7.385363e-01 0.000000e+00 
-3.726001e-01 7.508305e-01 0.000000e+00 
-2.305869e-01 7.347045e-01 0.000000e+00 
-9.324389e-02 7.175475e-01 0.000000e+00 
1.132754e-01 6.935159e-01 0.000000e+00 
2.493899e-01 7.111763e-01 0.000000e+00 
3.914917e-01 7.251103e-01 0.000000e+00 
5.297549e-01 7.332940e-01 0.000000e+00 
6.683805e-01 6.593728e-01 0.000000e+00 
8.102913e-01 8.015212e-01 0.000000e+00 
8.462435e-01 6.216666e-01 0.000000e+00 
-1.000000e+00 7.555717e-01 0.000000e+00 
-8.081286e-01 8.170730e-01 0.000000e+00 
-6.198257e-01 8.487780e-01 0.000000e+00 
-4.601134e-01 8.698218e-01 0.000000e+00 
-3.094537e-01 8.689094e-01 0.000000e+00 
-1.666218e-01 8.638844e-01 0.000000e+00 
-4.187180e-02 8.251083e-01 0.000000e+00 
5.389684e-02 8.343366e-01 0.000000e+00 
1.821639e-01 8.477594e-01 0.000000e+00 
3.204717e-01 8.569375e-01 0.000000e+00 
4.677117e-01 8.638237e-01 0.000000e+00 
6.324898e-01 8.377076e-01 0.000000e+00 
7.527213e-01 1.000000e+00 0.000000e+00 
1.000000e+00 7.320009e-01 0.000000e+00 
-1.000000e+00 1.000000e+00 0.000000e+00 
-7.500238e-01 1.000000e+00 0.000000e+00 
-5.739639e-01 1.000000e+00 0.000000e+00 
-4.560943e-01 1.000000e+00 0.000000e+00 
-3.461294e-01 1.000000e+00 0.000000e+00 
-2.280434e-01 1.000000e+00 0.000000e+00 
-1.084121e-01 1.000000e+00 0.000000e+00 
8.945338e-03 1.000000e+00 0.000000e+00 
1.223265e-01 1.000000e+00 0.000000e+00 
2.365136e-01 1.000000e+00 0.000000e+00 
3.479148e-01 1.000000e+00 0.000000e+00 
4.567353e-01 1.000000e+00 0.000000e+00 
5.759675e-01 1.000000e+00 0.000000e+00 
1.000000e+00 1.000000e+00 0.000000e+00 
-7.112286e-01 -1.320883e-02 0.000000e+00 
-6.315579e-01 -2.979369e-02 0.000000e+00 
-4.541385e-01 -3.594718e-03 0.000000e+00 
-6.644097e-01 3.290157e-02 0.000000e+00 
-4.539198e-01 1.248960e-02 0.000000e+00 
-6.203995e-01 4.865550e-02 0.000000e+00 
4.554933e-01 -7.505435e-03 0.000000e+00 
6.362253e-01 -3.493111e-02 0.000000e+00 
6.978309e-01 -1.131771e-02 0.000000e+00 
4.552628e-01 1.362652e-02 0.000000e+00 
6.679203e-01 3.440297e-02 0.000000e+00 
6.041763e-01 4.561961e-02 0.000000e+00 
-6.116002e-03 4.537223e-01 0.000000e+00 
1.032502e-02 4.536178e-01 0.000000e+00 
-3.024097e-02 6.341078e-01 0.000000e+00 
4.110791e-02 6.235846e-01 0.000000e+00 
-1.273335e-02 7.163317e-01 0.000000e+00 
2.593959e-02 7.143986e-01 0.000000e+00 
-6.261036e-03 -7.122258e-01 0.000000e+00 
-2.961172e-02 -6.376249e-01 0.000000e+00 
3.245012e-02 -6.456719e-01 0.000000e+00 
-1.016868e-02 -4.551804e-01 0.000000e+00 
5.666279e-03 -4.552689e-01 0.000000e+00 
-8.684631e-01 -1.000000e+00 0.000000e+00 
-1.000000e+00 -8.728523e-01 0.000000e+00 
-9.104310e-01 -9.147516e-01 0.000000e+00 
-6.445616e-01 -1.000000e+00 0.000000e+00 
-7.788898e-01 -9.147921e-01 0.000000e+00 
-6.773276e-01 -9.305061e-01 0.000000e+00 
-4.892970e-01 -1.000000e+00 0.000000e+00 
-5.842808e-01 -9.307171e-01 0.000000e+00 
-5.027785e-01 -9.379430e-01 0.000000e+00 
-3.682077e-01 -1.000000e+00 0.000000e+00 
-4.386947e-01 -9.379904e-01 0.000000e+00 
-3.615167e-01 -9.384289e-01 0.000000e+00 
-2.509271e-01 -1.000000e+00 0.000000e+00 
-3.026402e-01 -9.383574e-01 0.000000e+00 
-1.299992e-01 -1.000000e+00 0.000000e+00 
-2.425856e-01 -9.376226e-01 0.000000e+00 
-1.671216e-01 -9.348829e-01 0.000000e+00 
-9.102386e-03 -1.000000e+00 0.000000e+00 
-1.063302e-01 -9.371131e-01 0.000000e+00 
-4.079923e-02 -9.173355e-01 0.000000e+00 
1.137138e-01 -1.000000e+00 0.000000e+00 
1.067632e-02 -9.157112e-01 0.000000e+00 
6.315302e-02 -9.309464e-01 0.000000e+00 
2.398228e-01 -1.000000e+00 0.000000e+00 
1.265521e-01 -9.366370e-01 0.000000e+00 
1.911838e-01 -9.295597e-01 0.000000e+00 
3.669560e-01 -1.000000e+00 0.000000e+00 
2.550408e-01 -9.294223e-01 0.000000e+00 
3.207931e-01 -9.335866e-01 0.000000e+00 
4.965417e-01 -1.000000e+00 0.000000e+00 
3.871824e-01 -9.335885e-01 0.000000e+00 
4.572540e-01 -9.316776e-01 0.000000e+00 
6.531201e-01 -1.000000e+00 0.000000e+00 
5.233202e-01 -9.315260e-01 0.000000e+00 
6.015358e-01 -9.215456e-01 0.000000e+00 
6.940689e-01 -9.212960e-01 0.000000e+00 
8.724466e-01 -1.000000e+00 0.000000e+00 
7.877063e-01 -9.040973e-01 0.000000e+00 
-9.104936e-01 -7.874485e-01 0.000000e+00 
-1.000000e+00 -6.571572e-01 0.000000e+00 
-9.286699e-01 -6.798322e-01 0.000000e+00 
-7.194876e-01 -8.454849e-01 0.000000e+00 
-7.793252e-01 -7.636469e-01 0.000000e+00 
-8.394871e-01 -7.218009e-01 0.000000e+00 
-5.352604e-01 -8.695027e-01 0.000000e+00 
-6.777271e-01 -7.803329e-01 0.000000e+00 
-6.101883e-01 -7.952566e-01 0.000000e+00 
-5.479443e-01 -8.086683e-01 0.000000e+00 
-3.742177e-01 -8.776870e-01 0.000000e+00 
-4.646961e-01 -8.169662e-01 0.000000e+00 
-3.984283e-01 -8.179532e-01 0.000000e+00 
-2.195298e-01 -8.738217e-01 0.000000e+00 
-3.190786e-01 -8.184239e-01 0.000000e+00 
-2.523324e-01 -8.129728e-01 0.000000e+00 
-7.665837e-02 -8.429843e-01 0.000000e+00 
-1.744425e-01 -8.080433e-01 0.000000e+00 
-1.105045e-01 -7.986368e-01 0.000000e+00 
3.299879e-02 -8.354741e-01 0.000000e+00 
-4.962695e-02 -7.523409e-01 0.000000e+00 
4.065018e-02 -7.510940e-01 0.000000e+00 
1.458602e-01 -8.629376e-01 0.000000e+00 
9.038306e-02 -7.960242e-01 0.000000e+00 
2.760819e-01 -8.647598e-01 0.000000e+00 
1.518030e-01 -7.952442e-01 0.000000e+00 
2.232763e-01 -7.958700e-01 0.000000e+00 
4.141099e-01 -8.665697e-01 0.000000e+00 
2.910373e-01 -8.008838e-01 0.000000e+00 
3.636358e-01 -8.077866e-01 0.000000e+00 
5.643834e-01 -8.538437e-01 0.000000e+00 
4.352823e-01 -8.051430e-01 0.000000e+00 
5.123834e-01 -7.972820e-01 0.000000e+00 
5.918584e-01 -7.861971e-01 0.000000e+00 
7.372085e-01 -8.256355e-01 0.000000e+00 
6.709322e-01 -7.612170e-01 0.000000e+00 
9.153510e-01 -9.040250e-01 0.000000e+00 
1.000000e+00 -8.598467e-01 0.000000e+00 
-6.714158e-01 -7.132225e-01 0.000000e+00 
-7.984092e-01 -6.555622e-01 0.000000e+00 
-7.081031e-01 -6.324640e-01 0.000000e+00 
-5.415212e-01 -7.429992e-01 0.000000e+00 
-6.415483e-01 -6.485341e-01 0.000000e+00 
-5.787145e-01 -6.693363e-01 0.000000e+00 
-4.118851e-01 -7.586135e-01 0.000000e+00 
-5.160917e-01 -6.843642e-01 0.000000e+00 
-4.477955e-01 -6.962712e-01 0.000000e+00 
-2.775006e-01 -7.546809e-01 0.000000e+00 
-3.809422e-01 -6.985227e-01 0.000000e+00 
-3.120700e-01 -6.935814e-01 0.000000e+00 
-1.452720e-01 -7.374305e-01 0.000000e+00 
-2.441920e-01 -6.877296e-01 0.000000e+00 
-1.775908e-01 -6.771673e-01 0.000000e+00 
-1.160578e-01 -6.645658e-01 0.000000e+00 
-4.889818e-02 -6.004916e-01 0.000000e+00 
1.667925e-01 -7.320664e-01 0.000000e+00 
5.084979e-02 -6.092220e-01 0.000000e+00 
1.280272e-01 -6.652665e-01 0.000000e+00 
3.139024e-01 -7.403979e-01 0.000000e+00 
1.996910e-01 -6.672116e-01 0.000000e+00 
2.755832e-01 -6.722742e-01 0.000000e+00 
4.190284e-01 -6.884182e-01 0.000000e+00 
4.641403e-01 -7.387773e-01 0.000000e+00 
3.488072e-01 -6.794197e-01 0.000000e+00 
4.966296e-01 -6.790863e-01 0.000000e+00 
3.835425e-01 -6.209047e-01 0.000000e+00 
4.456561e-01 -5.658910e-01 0.000000e+00 
5.185154e-01 -6.038645e-01 0.000000e+00 
5.616251e-01 -6.550435e-01 0.000000e+00 
6.209675e-01 -7.041557e-01 0.000000e+00 
7.648191e-01 -7.428497e-01 0.000000e+00 
8.435264e-01 -7.086706e-01 0.000000e+00 
9.154214e-01 -7.637789e-01 0.000000e+00 
-9.288444e-01 -5.906326e-01 0.000000e+00 
-1.000000e+00 -5.099769e-01 0.000000e+00 
-9.398582e-01 -5.089879e-01 0.000000e+00 
-7.682262e-01 -5.892315e-01 0.000000e+00 
-8.695261e-01 -5.311724e-01 0.000000e+00 
-8.151353e-01 -5.535047e-01 0.000000e+00 
-6.171837e-01 -5.879924e-01 0.000000e+00 
-7.260681e-01 -5.297849e-01 0.000000e+00 
-6.538715e-01 -5.046083e-01 0.000000e+00 
-4.873121e-01 -6.233241e-01 0.000000e+00 
-5.927694e-01 -5.269642e-01 0.000000e+00 
-5.318912e-01 -5.564634e-01 0.000000e+00 
-3.504964e-01 -6.329156e-01 0.000000e+00 
-4.648350e-01 -5.711084e-01 0.000000e+00 
-3.972834e-01 -5.718319e-01 0.000000e+00 
-2.139258e-01 -6.188519e-01 0.000000e+00 
-3.290822e-01 -5.689321e-01 0.000000e+00 
-2.602700e-01 -5.603083e-01 0.000000e+00 
-7.934153e-02 -5.656908e-01 0.000000e+00 
-1.934812e-01 -5.506666e-01 0.000000e+00 
-1.108464e-01 -5.362811e-01 0.000000e+00 
-6.055573e-02 -4.503752e-01 0.000000e+00 
8.169741e-02 -5.687861e-01 0.000000e+00 
5.833560e-02 -4.507249e-01 0.000000e+00 
2.366786e-01 -6.090857e-01 0.000000e+00 
1.155690e-01 -5.387992e-01 0.000000e+00 
2.138736e-01 -5.474209e-01 0.000000e+00 
3.772341e-01 -5.596395e-01 0.000000e+00 
2.904348e-01 -5.516968e-01 0.000000e+00 
5.108189e-01 -5.401242e-01 0.000000e+00 
3.559489e-01 -4.987207e-01 0.000000e+00 
4.770709e-01 -4.441766e-01 0.000000e+00 
5.263950e-01 -4.774334e-01 0.000000e+00 
4.057065e-01 -4.409379e-01 0.000000e+00 
6.408693e-01 -6.280567e-01 0.000000e+00 
5.968838e-01 -5.158984e-01 0.000000e+00 
6.591557e-01 -5.495602e-01 0.000000e+00 
7.784418e-01 -6.429773e-01 0.000000e+00 
7.167444e-01 -6.000744e-01 0.000000e+00 
9.278142e-01 -6.643163e-01 0.000000e+00 
7.946857e-01 -5.643309e-01 0.000000e+00 
8.644631e-01 -5.308382e-01 0.000000e+00 
9.280471e-01 -5.661559e-01 0.000000e+00 
1.000000e+00 -6.224292e-01 0.000000e+00 
-9.399512e-01 -4.494146e-01 0.000000e+00 
-1.000000e+00 -3.949424e-01 0.000000e+00 
-8.268026e-01 -4.702700e-01 0.000000e+00 
-9.400207e-01 -3.920180e-01 0.000000e+00 
-8.742029e-01 -3.767026e-01 0.000000e+00 
-8.128922e-01 -4.045034e-01 0.000000e+00 
-7.008862e-01 -4.669023e-01 0.000000e+00 
-7.594169e-01 -4.278398e-01 0.000000e+00 
-5.703569e-01 -4.722020e-01 0.000000e+00 
-6.884721e-01 -4.018436e-01 0.000000e+00 
-6.241874e-01 -3.716806e-01 0.000000e+00 
-5.623552e-01 -4.091932e-01 0.000000e+00 
-4.443999e-01 -5.055862e-01 0.000000e+00 
-5.024375e-01 -4.407781e-01 0.000000e+00 
-3.094121e-01 -5.011636e-01 0.000000e+00 
-4.387298e-01 -4.463436e-01 0.000000e+00 
-3.687649e-01 -4.423608e-01 0.000000e+00 
-1.540943e-01 -4.938235e-01 0.000000e+00 
-3.012703e-01 -4.340723e-01 0.000000e+00 
-2.215906e-01 -4.454515e-01 0.000000e+00 
-1.581143e-01 -4.203511e-01 0.000000e+00 
1.671535e-01 -4.992661e-01 0.000000e+00 
1.550657e-01 -4.219033e-01 0.000000e+00 
2.307257e-01 -4.493392e-01 0.000000e+00 
3.186088e-01 -4.337686e-01 0.000000e+00 
5.604774e-01 -4.164040e-01 0.000000e+00 
4.427870e-01 -3.791667e-01 0.000000e+00 
4.996217e-01 -3.186491e-01 0.000000e+00 
5.723967e-01 -3.406686e-01 0.000000e+00 
6.723256e-01 -4.855639e-01 0.000000e+00 
6.222760e-01 -3.756978e-01 0.000000e+00 
6.809666e-01 -4.137846e-01 0.000000e+00 
8.032741e-01 -4.857839e-01 0.000000e+00 
7.418404e-01 -4.495920e-01 0.000000e+00 
9.356625e-01 -4.889109e-01 0.000000e+00 
8.101903e-01 -4.145959e-01 0.000000e+00 
8.744930e-01 -3.761382e-01 0.000000e+00 
9.358093e-01 -4.121469e-01 0.000000e+00 
1.000000e+00 -4.497862e-01 0.000000e+00 
-9.328404e-01 -3.215499e-01 0.000000e+00 
-1.000000e+00 -2.818939e-01 0.000000e+00 
-8.068273e-01 -3.319850e-01 0.000000e+00 
-9.323596e-01 -2.635738e-01 0.000000e+00 
-8.656037e-01 -2.335770e-01 0.000000e+00 
-8.028931e-01 -2.626258e-01 0.000000e+00 
-6.823725e-01 -3.298103e-01 0.000000e+00 
-7.431491e-01 -2.923438e-01 0.000000e+00 
-5.581703e-01 -3.380197e-01 0.000000e+00 
-6.789517e-01 -2.594699e-01 0.000000e+00 
-6.121487e-01 -2.289573e-01 0.000000e+00 
-5.531125e-01 -2.699055e-01 0.000000e+00 
-4.267583e-01 -3.817848e-01 0.000000e+00 
-4.917676e-01 -3.063387e-01 0.000000e+00 
-2.985098e-01 -3.767273e-01 0.000000e+00 
-4.459301e-01 -3.122155e-01 0.000000e+00 
-3.776149e-01 -3.002926e-01 0.000000e+00 
-3.150686e-01 -3.088134e-01 0.000000e+00 
2.945268e-01 -3.845200e-01 0.000000e+00 
3.051897e-01 -3.184728e-01 0.000000e+00 
4.298000e-01 -3.137958e-01 0.000000e+00 
3.728846e-01 -3.071270e-01 0.000000e+00 
5.590203e-01 -2.751211e-01 0.000000e+00 
4.413936e-01 -2.291985e-01 0.000000e+00 
4.925247e-01 -1.601858e-01 0.000000e+00 
5.423446e-01 -2.090533e-01 0.000000e+00 
6.904429e-01 -3.372371e-01 0.000000e+00 
6.162155e-01 -2.319417e-01 0.000000e+00 
6.917159e-01 -2.613236e-01 0.000000e+00 
8.124117e-01 -3.370717e-01 0.000000e+00 
7.511546e-01 -3.026284e-01 0.000000e+00 
9.374327e-01 -3.371513e-01 0.000000e+00 
8.137170e-01 -2.627257e-01 0.000000e+00 
8.748878e-01 -2.231284e-01 0.000000e+00 
9.367481e-01 -2.582267e-01 0.000000e+00 
1.000000e+00 -2.970265e-01 0.000000e+00 
-9.314852e-01 -1.933681e-01 0.000000e+00 
-1.000000e+00 -1.675267e-01 0.000000e+00 
-8.004009e-01 -1.899862e-01 0.000000e+00 
-9.339576e-01 -1.360840e-01 0.000000e+00 
-8.396636e-01 -9.847855e-02 0.000000e+00 
-7.904181e-01 -1.247813e-01 0.000000e+00 
-6.687406e-01 -1.899246e-01 0.000000e+00 
-7.273640e-01 -1.557977e-01 0.000000e+00 
-5.464333e-01 -2.002738e-01 0.000000e+00 
-6.554706e-01 -1.273474e-01 0.000000e+00 
-5.668720e-01 -8.068582e-02 0.000000e+00 
-5.361858e-01 -1.125346e-01 0.000000e+00 
-4.380500e-01 -2.215380e-01 0.000000e+00 
-4.882203e-01 -1.501362e-01 0.000000e+00 
-4.190379e-01 -1.594660e-01 0.000000e+00 
4.192056e-01 -1.610258e-01 0.000000e+00 
5.360731e-01 -1.204521e-01 0.000000e+00 
4.504657e-01 -6.161669e-02 0.000000e+00 
6.741740e-01 -1.949153e-01 0.000000e+00 
5.675601e-01 -8.577988e-02 0.000000e+00 
6.525533e-01 -1.353842e-01 0.000000e+00 
8.118044e-01 -1.850135e-01 0.000000e+00 
7.314435e-01 -1.641642e-01 0.000000e+00 
9.365424e-01 -1.831630e-01 0.000000e+00 
7.924042e-01 -1.230159e-01 0.000000e+00 
8.356938e-01 -8.844412e-02 0.000000e+00 
9.383853e-01 -1.058085e-01 0.000000e+00 
1.000000e+00 -1.408203e-01 0.000000e+00 
-9.158087e-01 -7.288922e-02 0.000000e+00 
-1.000000e+00 -5.554247e-02 0.000000e+00 
-7.468206e-01 -6.408242e-02 0.000000e+00 
-9.133292e-01 -2.526988e-02 0.000000e+00 
-8.426838e-01 5.932533e-03 0.000000e+00 
-7.716665e-01 2.220605e-02 0.000000e+00 
-6.002423e-01 -4.947764e-02 0.000000e+00 
-4.497393e-01 -5.735823e-02 0.000000e+00 
6.036556e-01 -5.622119e-02 0.000000e+00 
7.355095e-01 -6.644755e-02 0.000000e+00 
9.045816e-01 -4.946237e-02 0.000000e+00 
7.621851e-01 2.794077e-02 0.000000e+00 
8.432044e-01 2.451864e-04 0.000000e+00 
9.445583e-01 -1.108101e-02 0.000000e+00 
1.000000e+00 2.169335e-02 0.000000e+00 
-9.388242e-01 2.544338e-02 0.000000e+00 
-1.000000e+00 6.172099e-02 0.000000e+00 
-8.223967e-01 6.680715e-02 0.000000e+00 
-9.432312e-01 8.631258e-02 0.000000e+00 
-8.759096e-01 1.240479e-01 0.000000e+00 
-8.189264e-01 1.367283e-01 0.000000e+00 
-7.091689e-01 1.067242e-01 0.000000e+00 
-7.608551e-01 1.581589e-01 0.000000e+00 
-5.909652e-01 7.398275e-02 0.000000e+00 
-5.543520e-01 1.032699e-01 0.000000e+00 
-4.473012e-01 7.113951e-02 0.000000e+00 
4.437161e-01 9.271438e-02 0.000000e+00 
5.356652e-01 1.114211e-01 0.000000e+00 
5.730603e-01 7.728525e-02 0.000000e+00 
8.284687e-01 6.245241e-02 0.000000e+00 
6.971702e-01 1.091033e-01 0.000000e+00 
8.153803e-01 1.336461e-01 0.000000e+00 
7.436470e-01 1.615711e-01 0.000000e+00 
9.505432e-01 6.842606e-02 0.000000e+00 
8.814101e-01 1.086965e-01 0.000000e+00 
9.332117e-01 1.420043e-01 0.000000e+00 
1.000000e+00 1.790020e-01 0.000000e+00 
-9.350617e-01 1.586111e-01 0.000000e+00 
-1.000000e+00 1.835077e-01 0.000000e+00 
-9.352626e-01 2.178867e-01 0.000000e+00 
-8.135522e-01 2.163194e-01 0.000000e+00 
-8.717413e-01 2.680577e-01 0.000000e+00 
-6.082048e-01 1.690089e-01 0.000000e+00 
-7.073948e-01 1.865982e-01 0.000000e+00 
-6.519656e-01 2.187477e-01 0.000000e+00 
-5.174572e-01 1.425121e-01 0.000000e+00 
-6.005941e-01 2.524519e-01 0.000000e+00 
-5.413386e-01 2.877788e-01 0.000000e+00 
-5.069182e-01 2.376744e-01 0.000000e+00 
-4.115661e-01 1.735678e-01 0.000000e+00 
-4.730288e-01 1.761907e-01 0.000000e+00 
-4.141172e-01 2.511998e-01 0.000000e+00 
-3.564476e-01 3.277011e-01 0.000000e+00 
-2.902414e-01 3.304582e-01 0.000000e+00 
4.898239e-01 1.691785e-01 0.000000e+00 
3.730116e-01 2.398237e-01 0.000000e+00 
4.405413e-01 2.330273e-01 0.000000e+00 
5.843132e-01 1.748370e-01 0.000000e+00 
4.788785e-01 2.669246e-01 0.000000e+00 
5.615117e-01 2.742626e-01 0.000000e+00 
6.169112e-01 2.348609e-01 0.000000e+00 
6.808294e-01 1.866658e-01 0.000000e+00 
9.335341e-01 2.163725e-01 0.000000e+00 
7.954887e-01 2.088556e-01 0.000000e+00 
8.648037e-01 2.504637e-01 0.000000e+00 
9.297730e-01 2.842143e-01 0.000000e+00 
1.000000e+00 3.236281e-01 0.000000e+00 
-1.000000e+00 2.974216e-01 0.000000e+00 
-9.348186e-01 2.896653e-01 0.000000e+00 
-6.993712e-01 2.709001e-01 0.000000e+00 
-8.142456e-01 2.905694e-01 0.000000e+00 
-7.514043e-01 3.188944e-01 0.000000e+00 
-5.799797e-01 3.388815e-01 0.000000e+00 
-6.932918e-01 3.509560e-01 0.000000e+00 
-6.238641e-01 3.831596e-01 0.000000e+00 
-4.856805e-01 3.226968e-01 0.000000e+00 
-4.413242e-01 3.829687e-01 0.000000e+00 
-5.595869e-01 4.163988e-01 0.000000e+00 
-4.789191e-01 4.394508e-01 0.000000e+00 
-4.070356e-01 3.298723e-01 0.000000e+00 
-2.839615e-01 3.979542e-01 0.000000e+00 
-3.996015e-01 4.484264e-01 0.000000e+00 
-3.105767e-01 4.441727e-01 0.000000e+00 
-2.233594e-01 4.532991e-01 0.000000e+00 
-1.499064e-01 4.223822e-01 0.000000e+00 
3.658244e-01 3.190170e-01 0.000000e+00 
2.057978e-01 3.944385e-01 0.000000e+00 
2.867190e-01 3.971947e-01 0.000000e+00 
5.091884e-01 3.315332e-01 0.000000e+00 
3.647815e-01 3.891731e-01 0.000000e+00 
4.462105e-01 3.960459e-01 0.000000e+00 
6.577697e-01 2.874528e-01 0.000000e+00 
5.298125e-01 4.008219e-01 0.000000e+00 
5.984533e-01 4.169747e-01 0.000000e+00 
6.582503e-01 3.594398e-01 0.000000e+00 
7.931943e-01 2.797296e-01 0.000000e+00 
7.269463e-01 3.124915e-01 0.000000e+00 
9.298653e-01 3.568389e-01 0.000000e+00 
7.941465e-01 3.504654e-01 0.000000e+00 
8.648525e-01 3.913814e-01 0.000000e+00 
9.336936e-01 4.273279e-01 0.000000e+00 
1.000000e+00 4.671237e-01 0.000000e+00 
-9.349598e-01 3.461125e-01 0.000000e+00 
-1.000000e+00 4.070983e-01 0.000000e+00 
-8.073986e-01 3.683249e-01 0.000000e+00 
-9.349405e-01 4.019560e-01 0.000000e+00 
-8.669410e-01 4.131455e-01 0.000000e+00 
-6.744770e-01 4.277577e-01 0.000000e+00 
-8.026401e-01 4.403195e-01 0.000000e+00 
-7.322137e-01 4.676772e-01 0.000000e+00 
-5.212447e-01 4.808289e-01 0.000000e+00 
-6.614197e-01 4.978461e-01 0.000000e+00 
-5.861294e-01 5.241081e-01 0.000000e+00 
-3.518439e-01 5.003457e-01 0.000000e+00 
-5.026648e-01 5.440393e-01 0.000000e+00 
-4.387592e-01 5.663743e-01 0.000000e+00 
-3.736602e-01 5.598227e-01 0.000000e+00 
-1.627599e-01 5.005203e-01 0.000000e+00 
-2.849659e-01 5.548198e-01 0.000000e+00 
-2.103929e-01 5.489833e-01 0.000000e+00 
-1.140738e-01 5.372478e-01 0.000000e+00 
-5.750143e-02 4.491945e-01 0.000000e+00 
2.034695e-01 4.655393e-01 0.000000e+00 
7.954398e-02 4.453808e-01 0.000000e+00 
1.474246e-01 5.152380e-01 0.000000e+00 
3.873036e-01 4.561920e-01 0.000000e+00 
2.482408e-01 5.099869e-01 0.000000e+00 
3.278780e-01 5.178498e-01 0.000000e+00 
5.361493e-01 4.770768e-01 0.000000e+00 
4.102510e-01 5.248173e-01 0.000000e+00 
4.845389e-01 5.312486e-01 0.000000e+00 
6.681501e-01 4.389041e-01 0.000000e+00 
5.563231e-01 5.488568e-01 0.000000e+00 
6.724322e-01 5.075500e-01 0.000000e+00 
6.370248e-01 5.772758e-01 0.000000e+00 
7.972492e-01 4.222776e-01 0.000000e+00 
7.325854e-01 4.529190e-01 0.000000e+00 
9.335651e-01 5.012020e-01 0.000000e+00 
8.031562e-01 4.914302e-01 0.000000e+00 
8.573459e-01 5.423920e-01 0.000000e+00 
9.229618e-01 5.799467e-01 0.000000e+00 
1.000000e+00 6.358071e-01 0.000000e+00 
-9.307312e-01 4.721775e-01 0.000000e+00 
-1.000000e+00 5.218890e-01 0.000000e+00 
-7.913628e-01 5.100622e-01 0.000000e+00 
-9.305638e-01 5.334918e-01 0.000000e+00 
-8.506386e-01 5.605960e-01 0.000000e+00 
-6.452189e-01 5.623255e-01 0.000000e+00 
-7.788283e-01 5.865279e-01 0.000000e+00 
-6.980298e-01 6.148119e-01 0.000000e+00 
-5.057165e-01 6.092262e-01 0.000000e+00 
-6.222842e-01 6.389376e-01 0.000000e+00 
-5.448718e-01 6.637296e-01 0.000000e+00 
-3.751174e-01 6.227271e-01 0.000000e+00 
-4.808990e-01 6.843974e-01 0.000000e+00 
-4.062986e-01 6.913728e-01 0.000000e+00 
-2.336195e-01 6.093683e-01 0.000000e+00 
-3.390755e-01 6.823833e-01 0.000000e+00 
-2.680485e-01 6.747115e-01 0.000000e+00 
-8.077458e-02 5.676007e-01 0.000000e+00 
-1.943100e-01 6.677593e-01 0.000000e+00 
-1.269680e-01 6.587292e-01 0.000000e+00 
-4.943385e-02 6.027687e-01 0.000000e+00 
1.011458e-01 5.566413e-01 0.000000e+00 
6.368257e-02 5.966859e-01 0.000000e+00 
2.731230e-01 5.783567e-01 0.000000e+00 
1.517549e-01 6.307612e-01 0.000000e+00 
2.205685e-01 6.391817e-01 0.000000e+00 
4.288715e-01 5.935625e-01 0.000000e+00 
2.998664e-01 6.486682e-01 0.000000e+00 
3.705498e-01 6.548055e-01 0.000000e+00 
4.479685e-01 6.646806e-01 0.000000e+00 
5.166246e-01 6.678692e-01 0.000000e+00 
5.868532e-01 6.301142e-01 0.000000e+00 
7.033275e-01 5.910512e-01 0.000000e+00 
7.915285e-01 5.715572e-01 0.000000e+00 
-9.191951e-01 6.086778e-01 0.000000e+00 
-1.000000e+00 6.688506e-01 0.000000e+00 
-7.579037e-01 6.633126e-01 0.000000e+00 
-9.189457e-01 6.960309e-01 0.000000e+00 
-8.233136e-01 7.269620e-01 0.000000e+00 
-5.994302e-01 7.149261e-01 0.000000e+00 
-7.418612e-01 7.536617e-01 0.000000e+00 
-6.475652e-01 7.702598e-01 0.000000e+00 
-4.475087e-01 7.449707e-01 0.000000e+00 
-5.705111e-01 7.931990e-01 0.000000e+00 
-4.900404e-01 8.042918e-01 0.000000e+00 
-3.018901e-01 7.435418e-01 0.000000e+00 
-4.159242e-01 8.098332e-01 0.000000e+00 
-3.396663e-01 8.098196e-01 0.000000e+00 
-1.605166e-01 7.279690e-01 0.000000e+00 
-2.690527e-01 8.018801e-01 0.000000e+00 
-1.960729e-01 7.975686e-01 0.000000e+00 
-1.269285e-01 7.915516e-01 0.000000e+00 
-6.412401e-02 7.535170e-01 0.000000e+00 
1.790137e-01 7.032495e-01 0.000000e+00 
8.383673e-02 7.600132e-01 0.000000e+00 
1.457340e-01 7.694471e-01 0.000000e+00 
3.211831e-01 7.189328e-01 0.000000e+00 
2.134621e-01 7.788000e-01 0.000000e+00 
2.842336e-01 7.841650e-01 0.000000e+00 
4.609067e-01 7.293256e-01 0.000000e+00 
3.548297e-01 7.911626e-01 0.000000e+00 
4.287988e-01 7.940617e-01 0.000000e+00 
5.995794e-01 6.966218e-01 0.000000e+00 
4.980493e-01 7.987419e-01 0.000000e+00 
5.809596e-01 7.850559e-01 0.000000e+00 
7.388031e-01 7.299693e-01 0.000000e+00 
7.576508e-01 6.399209e-01 0.000000e+00 
6.498698e-01 7.489148e-01 0.000000e+00 
8.281913e-01 7.119026e-01 0.000000e+00 
7.216899e-01 8.195230e-01 0.000000e+00 
7.813686e-01 9.008021e-01 0.000000e+00 
9.051758e-01 7.666224e-01 0.000000e+00 
9.050776e-01 9.007247e-01 0.000000e+00 
9.227083e-01 6.770083e-01 0.000000e+00 
-9.041210e-01 7.862245e-01 0.000000e+00 
-1.000000e+00 8.777858e-01 0.000000e+00 
-7.142917e-01 8.328713e-01 0.000000e+00 
-9.040727e-01 9.084396e-01 0.000000e+00 
-7.789266e-01 9.085309e-01 0.000000e+00 
-5.402606e-01 8.593992e-01 0.000000e+00 
-6.851597e-01 9.239332e-01 0.000000e+00 
-5.963695e-01 9.241570e-01 0.000000e+00 
-3.847976e-01 8.696628e-01 0.000000e+00 
-5.174718e-01 9.343063e-01 0.000000e+00 
-4.574432e-01 9.344009e-01 0.000000e+00 
-4.013636e-01 9.344673e-01 0.000000e+00 
-2.377118e-01 8.654742e-01 0.000000e+00 
-3.276176e-01 9.337287e-01 0.000000e+00 
-2.673105e-01 9.331930e-01 0.000000e+00 
-1.007573e-01 8.431002e-01 0.000000e+00 
-1.964964e-01 9.306692e-01 0.000000e+00 
-1.373078e-01 9.332043e-01 0.000000e+00 
6.820479e-03 8.213382e-01 0.000000e+00 
-7.266213e-02 9.210771e-01 0.000000e+00 
-2.044242e-02 9.189804e-01 0.000000e+00 
1.180303e-01 8.412230e-01 0.000000e+00 
3.117206e-02 9.149419e-01 0.000000e+00 
8.477336e-02 9.212715e-01 0.000000e+00 
2.509528e-01 8.529950e-01 0.000000e+00 
1.500622e-01 9.234890e-01 0.000000e+00 
2.079506e-01 9.236060e-01 0.000000e+00 
3.942461e-01 8.605226e-01 0.000000e+00 
2.760585e-01 9.275023e-01 0.000000e+00 
3.331108e-01 9.276200e-01 0.000000e+00 
3.888378e-01 9.276213e-01 0.000000e+00 
5.504061e-01 8.508662e-01 0.000000e+00 
4.614293e-01 9.313965e-01 0.000000e+00 
5.221489e-01 9.312625e-01 0.000000e+00 
6.927390e-01 9.184342e-01 0.000000e+00 
6.036471e-01 9.186830e-01 0.000000e+00 
6.643444e-01 1.000000e+00 0.000000e+00 
8.763606e-01 1.000000e+00 0.000000e+00 
1.000000e+00 8.660005e-01 0.000000e+00 
-8.750119e-01 1.000000e+00 0.000000e+00 
-6.619938e-01 1.000000e+00 0.000000e+00 
-5.150291e-01 1.000000e+00 0.000000e+00 
-4.011118e-01 1.000000e+00 0.000000e+00 
-2.870864e-01 1.000000e+00 0.000000e+00 
-1.682277e-01 1.000000e+00 0.000000e+00 
-4.973336e-02 1.000000e+00 0.000000e+00 
6.563594e-02 1.000000e+00 0.000000e+00 
1.794200e-01 1.000000e+00 0.000000e+00 
2.922142e-01 1.000000e+00 0.000000e+00 
4.023251e-01 1.000000e+00 0.000000e+00 
5.163514e-01 1.000000e+00 0.000000e+00 

