0 0.1557
0.0020704 0.15555
0.0041408 0.15539
0.0062112 0.15536
0.0082816 0.15518
0.010352 0.15499
0.012422 0.15479
0.014493 0.15473
0.016563 0.15467
0.018634 0.15446
0.020704 0.15424
0.022774 0.15401
0.024845 0.15388
0.026915 0.15365
0.028986 0.1534
0.031056 0.15316
0.033126 0.1529
0.035197 0.15264
0.037267 0.15248
0.039337 0.15222
0.041408 0.15195
0.043478 0.15167
0.045549 0.1514
0.047619 0.15112
0.049689 0.15083
0.05176 0.15055
0.05383 0.15033
0.055901 0.15004
0.057971 0.14975
0.060041 0.14945
0.062112 0.14915
0.064182 0.14884
0.066253 0.14854
0.068323 0.14823
0.070393 0.14792
0.072464 0.14761
0.074534 0.14737
0.076605 0.14705
0.078675 0.14673
0.080745 0.14641
0.082816 0.14608
0.084886 0.14576
0.086957 0.14543
0.089027 0.1451
0.091097 0.14477
0.093168 0.14443
0.095238 0.1441
0.097308 0.14376
0.099379 0.14342
0.10145 0.14308
0.10352 0.14274
0.10559 0.1424
0.10766 0.14205
0.10973 0.1417
0.1118 0.14142
0.11387 0.14107
0.11594 0.14072
0.11801 0.14037
0.12008 0.14001
0.12215 0.13965
0.12422 0.1393
0.12629 0.13894
0.12836 0.13858
0.13043 0.13822
0.13251 0.13785
0.13458 0.13749
0.13665 0.13712
0.13872 0.13676
0.14079 0.13639
0.14286 0.13602
0.14493 0.13565
0.147 0.13527
0.14907 0.1349
0.15114 0.13453
0.15321 0.13415
0.15528 0.13378
0.15735 0.1334
0.15942 0.13302
0.16149 0.13264
0.16356 0.13226
0.16563 0.13188
0.1677 0.13149
0.16977 0.13111
0.17184 0.13072
0.17391 0.13034
0.17598 0.12995
0.17805 0.12956
0.18012 0.12917
0.18219 0.12878
0.18427 0.12839
0.18634 0.128
0.18841 0.12761
0.19048 0.12721
0.19255 0.12682
0.19462 0.12644
0.19669 0.12604
0.19876 0.12564
0.20083 0.12524
0.2029 0.12484
0.20497 0.12444
0.20704 0.12404
0.20911 0.12364
0.21118 0.12324
0.21325 0.12283
0.21532 0.12243
0.21739 0.12203
0.21946 0.12162
0.22153 0.12121
0.2236 0.12081
0.22567 0.1204
0.22774 0.11999
0.22981 0.11958
0.23188 0.11917
0.23395 0.11876
0.23602 0.11835
0.2381 0.11794
0.24017 0.11752
0.24224 0.11711
0.24431 0.1167
0.24638 0.11628
0.24845 0.11587
0.25052 0.11545
0.25259 0.11503
0.25466 0.11462
0.25673 0.1142
0.2588 0.11378
0.26087 0.11336
0.26294 0.11294
0.26501 0.11252
0.26708 0.1121
0.26915 0.11168
0.27122 0.11126
0.27329 0.11084
0.27536 0.11042
0.27743 0.10999
0.2795 0.10957
0.28157 0.10915
0.28364 0.10872
0.28571 0.1083
0.28778 0.10787
0.28986 0.10745
0.29193 0.10702
0.294 0.1066
0.29607 0.10617
0.29814 0.10574
0.30021 0.10532
0.30228 0.10489
0.30435 0.10446
0.30642 0.10403
0.30849 0.1036
0.31056 0.10317
0.31263 0.10275
0.3147 0.10232
0.31677 0.10189
0.31884 0.10146
0.32091 0.10103
0.32298 0.10059
0.32505 0.10016
0.32712 0.099732
0.32919 0.0993
0.33126 0.098868
0.33333 0.098436
0.3354 0.098004
0.33747 0.097479
0.33954 0.097046
0.34161 0.096614
0.34369 0.096181
0.34576 0.095748
0.34783 0.095315
0.3499 0.094881
0.35197 0.094448
0.35404 0.094014
0.35611 0.09358
0.35818 0.093146
0.36025 0.092712
0.36232 0.092278
0.36439 0.091843
0.36646 0.091409
0.36853 0.090974
0.3706 0.09054
0.37267 0.090105
0.37474 0.08967
0.37681 0.089236
0.37888 0.088801
0.38095 0.088366
0.38302 0.087931
0.38509 0.087496
0.38716 0.087061
0.38923 0.086626
0.3913 0.086191
0.39337 0.085757
0.39545 0.085322
0.39752 0.084887
0.39959 0.084452
0.40166 0.084018
0.40373 0.083583
0.4058 0.083148
0.40787 0.082714
0.40994 0.08228
0.41201 0.081845
0.41408 0.081411
0.41615 0.080977
0.41822 0.080543
0.42029 0.080109
0.42236 0.079676
0.42443 0.079242
0.4265 0.078809
0.42857 0.078376
0.43064 0.077943
0.43271 0.07751
0.43478 0.077077
0.43685 0.076645
0.43892 0.076212
0.44099 0.07578
0.44306 0.075349
0.44513 0.074917
0.4472 0.074486
0.44928 0.074055
0.45135 0.073624
0.45342 0.073193
0.45549 0.072763
0.45756 0.072333
0.45963 0.071903
0.4617 0.071474
0.46377 0.071045
0.46584 0.070616
0.46791 0.070188
0.46998 0.06976
0.47205 0.069332
0.47412 0.068905
0.47619 0.068478
0.47826 0.068051
0.48033 0.067625
0.4824 0.067199
0.48447 0.066773
0.48654 0.066348
0.48861 0.065923
0.49068 0.065499
0.49275 0.065075
0.49482 0.064652
0.49689 0.064229
0.49896 0.063807
0.50104 0.063385
0.50311 0.062963
0.50518 0.062542
0.50725 0.062121
0.50932 0.061701
0.51139 0.061282
0.51346 0.060863
0.51553 0.060444
0.5176 0.060026
0.51967 0.059609
0.52174 0.059192
0.52381 0.058776
0.52588 0.05836
0.52795 0.057945
0.53002 0.05753
0.53209 0.057116
0.53416 0.056703
0.53623 0.05629
0.5383 0.055878
0.54037 0.055466
0.54244 0.055055
0.54451 0.054645
0.54658 0.054236
0.54865 0.053827
0.55072 0.053419
0.5528 0.053011
0.55487 0.052604
0.55694 0.052198
0.55901 0.051793
0.56108 0.051388
0.56315 0.050984
0.56522 0.050581
0.56729 0.050179
0.56936 0.049777
0.57143 0.049376
0.5735 0.048976
0.57557 0.048577
0.57764 0.048178
0.57971 0.04778
0.58178 0.047383
0.58385 0.046987
0.58592 0.046532
0.58799 0.046138
0.59006 0.045745
0.59213 0.045353
0.5942 0.044961
0.59627 0.04457
0.59834 0.04418
0.60041 0.043791
0.60248 0.043403
0.60455 0.043016
0.60663 0.042629
0.6087 0.042244
0.61077 0.04186
0.61284 0.041476
0.61491 0.041094
0.61698 0.040712
0.61905 0.040332
0.62112 0.039953
0.62319 0.039574
0.62526 0.039197
0.62733 0.038821
0.6294 0.038445
0.63147 0.038071
0.63354 0.037698
0.63561 0.037326
0.63768 0.036955
0.63975 0.036585
0.64182 0.036217
0.64389 0.035849
0.64596 0.035483
0.64803 0.035117
0.6501 0.034753
0.65217 0.034391
0.65424 0.034029
0.65631 0.033668
0.65839 0.033309
0.66046 0.032951
0.66253 0.032594
0.6646 0.032238
0.66667 0.031884
0.66874 0.031531
0.67081 0.031179
0.67288 0.030829
0.67495 0.03048
0.67702 0.030132
0.67909 0.029785
0.68116 0.02944
0.68323 0.029096
0.6853 0.028753
0.68737 0.028412
0.68944 0.028073
0.69151 0.027734
0.69358 0.027397
0.69565 0.027062
0.69772 0.026728
0.69979 0.026395
0.70186 0.026064
0.70393 0.025734
0.706 0.025406
0.70807 0.025079
0.71014 0.024754
0.71222 0.024431
0.71429 0.024108
0.71636 0.023788
0.71843 0.023469
0.7205 0.023151
0.72257 0.022835
0.72464 0.022521
0.72671 0.022209
0.72878 0.021898
0.73085 0.021588
0.73292 0.02128
0.73499 0.020974
0.73706 0.02067
0.73913 0.020367
0.7412 0.020066
0.74327 0.019767
0.74534 0.01947
0.74741 0.019174
0.74948 0.01888
0.75155 0.018587
0.75362 0.018297
0.75569 0.018008
0.75776 0.017721
0.75983 0.017436
0.7619 0.017153
0.76398 0.016872
0.76605 0.016592
0.76812 0.016315
0.77019 0.016039
0.77226 0.015765
0.77433 0.015494
0.7764 0.015224
0.77847 0.014921
0.78054 0.014656
0.78261 0.014392
0.78468 0.01413
0.78675 0.01387
0.78882 0.013612
0.79089 0.013356
0.79296 0.013102
0.79503 0.01285
0.7971 0.0126
0.79917 0.012352
0.80124 0.012106
0.80331 0.011863
0.80538 0.011621
0.80745 0.011382
0.80952 0.011145
0.81159 0.01091
0.81366 0.010677
0.81573 0.010446
0.81781 0.010217
0.81988 0.0099911
0.82195 0.009767
0.82402 0.0095452
0.82609 0.0093256
0.82816 0.0091082
0.83023 0.0088931
0.8323 0.0086804
0.83437 0.0084699
0.83644 0.0082617
0.83851 0.0080558
0.84058 0.0078523
0.84265 0.0076512
0.84472 0.0074524
0.84679 0.007256
0.84886 0.0070619
0.85093 0.0068703
0.853 0.0066811
0.85507 0.0064943
0.85714 0.00631
0.85921 0.0061281
0.86128 0.0059486
0.86335 0.0057717
0.86542 0.0055972
0.86749 0.0054253
0.86957 0.0052558
0.87164 0.0050889
0.87371 0.0049245
0.87578 0.0047627
0.87785 0.0046035
0.87992 0.0044468
0.88199 0.0042927
0.88406 0.0041412
0.88613 0.0039732
0.8882 0.0038274
0.89027 0.0036839
0.89234 0.0035429
0.89441 0.0034046
0.89648 0.0032688
0.89855 0.0031357
0.90062 0.0030052
0.90269 0.0028774
0.90476 0.0027523
0.90683 0.0026298
0.9089 0.0025101
0.91097 0.0023931
0.91304 0.0022788
0.91511 0.0021672
0.91718 0.0020583
0.91925 0.0019522
0.92133 0.0018488
0.9234 0.0017482
0.92547 0.0016504
0.92754 0.0015554
0.92961 0.0014631
0.93168 0.0013736
0.93375 0.001287
0.93582 0.0012031
0.93789 0.0011221
0.93996 0.0010439
0.94203 0.00096862
0.9441 0.00089615
0.94617 0.00082656
0.94824 0.00075984
0.95031 0.00069602
0.95238 0.00062761
0.95445 0.00056971
0.95652 0.00051426
0.95859 0.0004616
0.96066 0.00041178
0.96273 0.00036481
0.9648 0.00032072
0.96687 0.00027951
0.96894 0.00024119
0.97101 0.00020577
0.97308 0.00017326
0.97516 0.00013891
0.97723 0.00011313
0.9793 8.9597e-05
0.98137 6.8806e-05
0.98344 5.0808e-05
0.98551 3.562e-05
0.98758 2.2029e-05
0.98965 1.3033e-05
0.99172 6.2777e-06
0.99379 2.0705e-06
0.99586 -5.3291e-15
0.99793 -8.8818e-16
1 -1.5543e-15
