1 0.83328
2 0.83336
3 0.83345
4 0.83353
5 0.83362
6 0.8337
7 0.83379
8 0.83388
9 0.83396
10 0.83405
11 0.83414
12 0.83423
13 0.83431
14 0.8344
15 0.83449
16 0.83458
17 0.83467
18 0.83476
19 0.83485
20 0.83494
21 0.83504
22 0.83513
23 0.83522
24 0.83531
25 0.83541
26 0.8355
27 0.83559
28 0.83569
29 0.83578
30 0.83588
31 0.83598
32 0.83607
33 0.83617
34 0.83627
35 0.83636
36 0.83582
37 0.83593
38 0.83603
39 0.83613
40 0.83624
41 0.83634
42 0.83645
43 0.83655
44 0.83666
45 0.83676
46 0.83687
47 0.83697
48 0.83708
49 0.83719
50 0.83729
51 0.8374
52 0.83751
53 0.83762
54 0.83773
55 0.83783
56 0.83794
57 0.83805
58 0.83816
59 0.83827
60 0.83838
61 0.83849
62 0.8386
63 0.83871
64 0.83883
65 0.83894
66 0.83905
67 0.83916
68 0.83928
69 0.83939
70 0.8395
71 0.83962
72 0.83973
73 0.83984
74 0.83996
75 0.84007
76 0.84019
77 0.8403
78 0.84042
79 0.84053
80 0.84065
81 0.84077
82 0.84088
83 0.841
84 0.84112
85 0.84123
86 0.84135
87 0.84147
88 0.84159
89 0.8417
90 0.84182
91 0.84194
92 0.84206
93 0.84218
94 0.8423
95 0.84242
96 0.84169
97 0.84181
98 0.84193
99 0.84206
100 0.84218
101 0.8423
102 0.84243
103 0.84255
104 0.84268
105 0.8428
106 0.84293
107 0.84305
108 0.84318
109 0.8433
110 0.84343
111 0.84356
112 0.84368
113 0.84381
114 0.84394
115 0.84406
116 0.84419
117 0.84432
118 0.84445
119 0.84457
120 0.8447
121 0.84483
122 0.84496
123 0.84509
124 0.84522
125 0.84535
126 0.84547
127 0.8456
128 0.84573
129 0.84586
130 0.84599
131 0.84612
132 0.84625
133 0.84638
134 0.84651
135 0.84664
136 0.84678
137 0.84691
138 0.84704
139 0.84717
140 0.8473
141 0.84743
142 0.84756
143 0.8477
144 0.84783
145 0.84796
146 0.84809
147 0.84822
148 0.84836
149 0.84849
150 0.84862
151 0.84876
152 0.84889
153 0.84902
154 0.84916
155 0.84929
156 0.84942
157 0.84956
158 0.84969
159 0.84983
160 0.84996
161 0.8501
162 0.85023
163 0.85037
164 0.8505
165 0.85064
166 0.85077
167 0.85091
168 0.85104
169 0.85118
170 0.85131
171 0.85145
172 0.85159
173 0.85172
174 0.85186
175 0.85199
176 0.85213
177 0.85227
178 0.85241
179 0.85254
180 0.85212
181 0.85226
182 0.85239
183 0.85253
184 0.85267
185 0.85281
186 0.85295
187 0.85309
188 0.85323
189 0.85337
190 0.8535
191 0.85364
192 0.85378
193 0.85392
194 0.85406
195 0.8542
196 0.85434
197 0.85448
198 0.85462
199 0.85477
200 0.85491
201 0.85505
202 0.85519
203 0.85533
204 0.85547
205 0.85561
206 0.85575
207 0.85589
208 0.85604
209 0.85618
210 0.85632
211 0.85646
212 0.8566
213 0.85674
214 0.85689
215 0.85703
216 0.85717
217 0.85731
218 0.85746
219 0.8576
220 0.85774
221 0.85788
222 0.85803
223 0.85817
224 0.85831
225 0.85846
226 0.8586
227 0.85874
228 0.85888
229 0.85903
230 0.85917
231 0.85932
232 0.85946
233 0.8596
234 0.85975
235 0.85989
236 0.86003
237 0.86018
238 0.86032
239 0.86047
240 0.86061
241 0.86075
242 0.8609
243 0.86104
244 0.86119
245 0.86133
246 0.86148
247 0.86162
248 0.86177
249 0.86191
250 0.86206
251 0.8622
252 0.86235
253 0.86249
254 0.86264
255 0.86278
256 0.86293
257 0.86307
258 0.86322
259 0.86336
260 0.86351
261 0.86365
262 0.8638
263 0.86395
264 0.86409
265 0.86424
266 0.86438
267 0.86453
268 0.86468
269 0.86482
270 0.86497
271 0.86511
272 0.86526
273 0.86541
274 0.86555
275 0.8657
276 0.86585
277 0.86599
278 0.86614
279 0.86629
280 0.86643
281 0.86658
282 0.86673
283 0.86687
284 0.86702
285 0.86717
286 0.86731
287 0.86746
288 0.86761
289 0.86776
290 0.8679
291 0.86805
292 0.86819
293 0.86834
294 0.86849
295 0.86863
296 0.86878
297 0.86893
298 0.86908
299 0.86922
300 0.86937
301 0.86952
302 0.86967
303 0.86982
304 0.86996
305 0.87011
306 0.87026
307 0.87041
308 0.87056
309 0.87071
310 0.87086
311 0.871
312 0.87115
313 0.8713
314 0.87145
315 0.8716
316 0.87175
317 0.8719
318 0.87205
319 0.8722
320 0.87235
321 0.87249
322 0.87264
323 0.87279
324 0.87294
325 0.87309
326 0.87324
327 0.87339
328 0.87354
329 0.87369
330 0.87384
331 0.87399
332 0.87414
333 0.87429
334 0.87444
335 0.87459
336 0.87474
337 0.87489
338 0.87504
339 0.87519
340 0.87534
341 0.87549
342 0.87564
343 0.87579
344 0.87594
345 0.87609
346 0.87624
347 0.87639
348 0.87654
349 0.87669
350 0.87684
351 0.877
352 0.87715
353 0.8773
354 0.87745
355 0.8776
356 0.87775
357 0.8779
358 0.87805
359 0.8782
360 0.87835
361 0.8785
362 0.87865
363 0.87881
364 0.87896
365 0.87911
366 0.87926
367 0.87941
368 0.87956
369 0.87971
370 0.87986
371 0.88002
372 0.88017
373 0.88032
374 0.88047
375 0.88062
376 0.88077
377 0.88092
378 0.88108
379 0.88123
380 0.88138
381 0.88153
382 0.88168
383 0.88183
384 0.88199
385 0.88214
386 0.88229
387 0.88244
388 0.88259
389 0.88275
390 0.8829
391 0.88305
392 0.8832
393 0.88335
394 0.88351
395 0.88366
396 0.88381
397 0.88396
398 0.88411
399 0.88427
400 0.88442
401 0.88457
402 0.88472
403 0.88488
404 0.88503
405 0.88518
406 0.88533
407 0.88548
408 0.88564
409 0.88579
410 0.88594
411 0.88609
412 0.88625
413 0.8864
414 0.88655
415 0.8867
416 0.88686
417 0.88701
418 0.88716
419 0.88731
420 0.88747
421 0.88762
422 0.88777
423 0.88793
424 0.88808
425 0.88823
426 0.88838
427 0.88854
428 0.88869
429 0.88884
430 0.88899
431 0.88915
432 0.8893
433 0.88945
434 0.88961
435 0.88976
436 0.88991
437 0.89007
438 0.89022
439 0.89037
440 0.89052
441 0.89068
442 0.89083
443 0.89098
444 0.89114
445 0.89129
446 0.89144
447 0.8916
448 0.89175
449 0.8919
450 0.89206
451 0.89221
452 0.89236
453 0.89251
454 0.89267
455 0.89282
456 0.89297
457 0.89313
458 0.89328
459 0.89343
460 0.89359
461 0.89374
462 0.89389
463 0.89405
464 0.8942
465 0.89435
466 0.89451
467 0.89466
468 0.89481
469 0.89497
470 0.89512
471 0.89527
472 0.89543
473 0.89558
474 0.89573
475 0.89589
476 0.89604
477 0.89619
478 0.89635
479 0.8965
480 0.89665
481 0.89681
482 0.89696
483 0.89711
484 0.89727
485 0.89742
486 0.89757
487 0.89773
488 0.89788
489 0.89804
490 0.89819
491 0.89834
492 0.8985
493 0.89865
494 0.8988
495 0.89896
496 0.89911
497 0.89926
498 0.89942
499 0.89957
500 0.89972
501 0.89988
502 0.90003
503 0.90018
504 0.90034
505 0.90049
506 0.90064
507 0.9008
508 0.90095
509 0.9011
510 0.90126
511 0.90141
512 0.90157
513 0.90172
514 0.90187
515 0.90203
516 0.90218
517 0.90233
518 0.90249
519 0.90264
520 0.90279
521 0.90295
522 0.9031
523 0.90325
524 0.90341
525 0.9041
526 0.90425
527 0.90441
528 0.90456
529 0.90471
530 0.90486
531 0.90502
532 0.90517
533 0.90532
534 0.90548
535 0.90563
536 0.90578
537 0.90594
538 0.90609
539 0.90624
540 0.9064
541 0.90655
542 0.9067
543 0.90686
544 0.90701
545 0.90716
546 0.90732
547 0.90747
548 0.90762
549 0.90778
550 0.90793
551 0.90808
552 0.90824
553 0.90839
554 0.90854
555 0.9087
556 0.90885
557 0.909
558 0.90916
559 0.90931
560 0.90946
561 0.90962
562 0.90977
563 0.90992
564 0.91008
565 0.91023
566 0.91038
567 0.91054
568 0.91069
569 0.91084
570 0.911
571 0.91115
572 0.9113
573 0.91146
574 0.91161
575 0.91176
576 0.91192
577 0.91207
578 0.91222
579 0.91238
580 0.91253
581 0.91268
582 0.91283
583 0.91299
584 0.91314
585 0.91329
586 0.91345
587 0.9136
588 0.91375
589 0.91391
590 0.91406
591 0.91421
592 0.91436
593 0.91452
594 0.91467
595 0.91482
596 0.91498
597 0.91513
598 0.91528
599 0.91543
600 0.91559
601 0.91574
602 0.91589
603 0.91605
604 0.9162
605 0.91635
606 0.9165
607 0.91666
608 0.91681
609 0.91696
610 0.91711
611 0.91727
612 0.91742
613 0.91757
614 0.91772
615 0.91788
616 0.91803
617 0.91818
618 0.91833
619 0.91849
620 0.91864
621 0.91879
622 0.91894
623 0.9191
624 0.91925
625 0.9194
626 0.91955
627 0.9197
628 0.91986
629 0.92001
630 0.92016
631 0.92031
632 0.92047
633 0.92062
634 0.92077
635 0.92092
636 0.92107
637 0.92123
638 0.92138
639 0.92153
640 0.92168
641 0.92183
642 0.92198
643 0.92214
644 0.92229
645 0.92244
646 0.92259
647 0.92274
648 0.92289
649 0.92305
650 0.9232
651 0.92335
652 0.9235
653 0.92365
654 0.9238
655 0.92396
656 0.92411
657 0.92426
658 0.92441
659 0.92456
660 0.92471
661 0.92486
662 0.92501
663 0.92517
664 0.92532
665 0.92547
666 0.92562
667 0.92577
668 0.92592
669 0.92607
670 0.92622
671 0.92637
672 0.92653
673 0.92668
674 0.92683
675 0.92698
676 0.92713
677 0.92728
678 0.92743
679 0.92758
680 0.92773
681 0.92788
682 0.92803
683 0.92818
684 0.92833
685 0.92848
686 0.92863
687 0.92878
688 0.92893
689 0.92909
690 0.92924
691 0.92939
692 0.92954
693 0.92969
694 0.92984
695 0.92999
696 0.93014
697 0.93029
698 0.93044
699 0.93059
700 0.93074
701 0.93089
702 0.93104
703 0.93119
704 0.93133
705 0.93148
706 0.93163
707 0.93178
708 0.93193
709 0.93208
710 0.93223
711 0.93238
712 0.93253
713 0.93268
714 0.93283
715 0.93298
716 0.93313
717 0.93328
718 0.93343
719 0.93358
720 0.93372
721 0.93387
722 0.93402
723 0.93417
724 0.93432
725 0.93447
726 0.93462
727 0.93477
728 0.93491
729 0.93506
730 0.93521
731 0.93536
732 0.93551
733 0.93566
734 0.93581
735 0.93595
736 0.9361
737 0.93625
738 0.9364
739 0.93655
740 0.93669
741 0.93684
742 0.93699
743 0.93714
744 0.93729
745 0.93743
746 0.93758
747 0.93773
748 0.93788
749 0.93802
750 0.93817
751 0.93832
752 0.93847
753 0.93861
754 0.93876
755 0.93891
756 0.93906
757 0.9392
758 0.93935
759 0.9395
760 0.93964
761 0.93979
762 0.93994
763 0.94009
764 0.94023
765 0.94038
766 0.94053
767 0.94067
768 0.94082
769 0.94097
770 0.94111
771 0.94126
772 0.94141
773 0.94155
774 0.9417
775 0.94184
776 0.94199
777 0.94214
778 0.94228
779 0.94243
780 0.94257
781 0.94272
782 0.94287
783 0.94301
784 0.94316
785 0.9433
786 0.94345
787 0.94359
788 0.94374
789 0.94388
790 0.94403
791 0.94417
792 0.94432
793 0.94446
794 0.94461
795 0.94475
796 0.9449
797 0.94504
798 0.94519
799 0.94533
800 0.94548
801 0.94562
802 0.94577
803 0.94591
804 0.94606
805 0.9462
806 0.94634
807 0.94649
808 0.94663
809 0.94678
810 0.94692
811 0.94706
812 0.94721
813 0.94735
814 0.9475
815 0.94764
816 0.94778
817 0.94793
818 0.94807
819 0.94821
820 0.94836
821 0.9485
822 0.94864
823 0.94879
824 0.94893
825 0.94907
826 0.94921
827 0.94936
828 0.9495
829 0.94964
830 0.94978
831 0.94993
832 0.95007
833 0.95021
834 0.95035
835 0.9505
836 0.95064
837 0.95078
838 0.95092
839 0.95106
840 0.95121
841 0.95135
842 0.95149
843 0.95163
844 0.95177
845 0.95191
846 0.95205
847 0.9522
848 0.95234
849 0.95248
850 0.95262
851 0.95276
852 0.9529
853 0.95304
854 0.95318
855 0.95332
856 0.95346
857 0.9536
858 0.95374
859 0.95388
860 0.95402
861 0.95416
862 0.9543
863 0.95444
864 0.95458
865 0.95472
866 0.95486
867 0.955
868 0.95514
869 0.95528
870 0.95542
871 0.95556
872 0.9557
873 0.95584
874 0.95598
875 0.95612
876 0.95625
877 0.95639
878 0.95653
879 0.95667
880 0.95681
881 0.95695
882 0.95708
883 0.95722
884 0.95736
885 0.9575
886 0.95764
887 0.95777
888 0.95791
889 0.95805
890 0.95819
891 0.95832
892 0.95846
893 0.9586
894 0.95873
895 0.95887
896 0.95901
897 0.95914
898 0.95928
899 0.95942
900 0.95955
901 0.95969
902 0.95983
903 0.95996
904 0.9601
905 0.96023
906 0.96037
907 0.9605
908 0.96064
909 0.96078
910 0.96091
911 0.96105
912 0.96118
913 0.96132
914 0.96145
915 0.96159
916 0.96172
917 0.96186
918 0.96199
919 0.96212
920 0.96226
921 0.96239
922 0.96253
923 0.96266
924 0.96279
925 0.96293
926 0.96306
927 0.96319
928 0.96333
929 0.96346
930 0.96359
931 0.96373
932 0.96386
933 0.96399
934 0.96412
935 0.96426
936 0.96439
937 0.96452
938 0.96465
939 0.96479
940 0.96492
941 0.96505
942 0.96518
943 0.96531
944 0.96544
945 0.96557
946 0.96571
947 0.96584
948 0.96597
949 0.9661
950 0.96623
951 0.96636
952 0.96649
953 0.96662
954 0.96675
955 0.96688
956 0.96701
957 0.96714
958 0.96727
959 0.9674
960 0.96753
961 0.96766
962 0.96779
963 0.96791
964 0.96804
965 0.96817
966 0.9683
967 0.96843
968 0.96856
969 0.96868
970 0.96881
971 0.96894
972 0.96907
973 0.9692
974 0.96932
975 0.96945
976 0.96958
977 0.9697
978 0.96983
979 0.96996
980 0.97036
981 0.97049
982 0.97061
983 0.97074
984 0.97087
985 0.97099
986 0.97112
987 0.97124
988 0.97137
989 0.97149
990 0.97162
991 0.97174
992 0.97187
993 0.97199
994 0.97211
995 0.97224
996 0.97236
997 0.97249
998 0.97261
999 0.97273
1000 0.97286
1001 0.97298
1002 0.9731
1003 0.97323
1004 0.97335
1005 0.97347
1006 0.97359
1007 0.97372
1008 0.97384
1009 0.97396
1010 0.97408
1011 0.9742
1012 0.97433
1013 0.97445
1014 0.97457
1015 0.97469
1016 0.97481
1017 0.97493
1018 0.97505
1019 0.97517
1020 0.97529
1021 0.97541
1022 0.97553
1023 0.97565
1024 0.97577
1025 0.97589
1026 0.97601
1027 0.97613
1028 0.97625
1029 0.97637
1030 0.97649
1031 0.9766
1032 0.97672
1033 0.97684
1034 0.97696
1035 0.97707
1036 0.97719
1037 0.97731
1038 0.97743
1039 0.97754
1040 0.97766
1041 0.97778
1042 0.97789
1043 0.97801
1044 0.97812
1045 0.97824
1046 0.97836
1047 0.97847
1048 0.97859
1049 0.9787
1050 0.97882
1051 0.97893
1052 0.97904
1053 0.97916
1054 0.97927
1055 0.97939
1056 0.9795
1057 0.97961
1058 0.97973
1059 0.97984
1060 0.97995
1061 0.98006
1062 0.98018
1063 0.98029
1064 0.9804
1065 0.98051
1066 0.98062
1067 0.98073
1068 0.98084
1069 0.98095
1070 0.98107
1071 0.98118
1072 0.98129
1073 0.9814
1074 0.9815
1075 0.98161
1076 0.98172
1077 0.98183
1078 0.98194
1079 0.98205
1080 0.98216
1081 0.98227
1082 0.98237
1083 0.98248
1084 0.98259
1085 0.9827
1086 0.9828
1087 0.98291
1088 0.98302
1089 0.98312
1090 0.98323
1091 0.98333
1092 0.98344
1093 0.98354
1094 0.98365
1095 0.98375
1096 0.98386
1097 0.98396
1098 0.98407
1099 0.98417
1100 0.98427
1101 0.98438
1102 0.98448
1103 0.98458
1104 0.98469
1105 0.98479
1106 0.98489
1107 0.98499
1108 0.98509
1109 0.98519
1110 0.9853
1111 0.9854
1112 0.9855
1113 0.9856
1114 0.9857
1115 0.9858
1116 0.9859
1117 0.98599
1118 0.98609
1119 0.98619
1120 0.98629
1121 0.98639
1122 0.98649
1123 0.98658
1124 0.98668
1125 0.98678
1126 0.98687
1127 0.98697
1128 0.98707
1129 0.98716
1130 0.98726
1131 0.98735
1132 0.98745
1133 0.98754
1134 0.98764
1135 0.98773
1136 0.98783
1137 0.98792
1138 0.98801
1139 0.98811
1140 0.9882
1141 0.98829
1142 0.98838
1143 0.98848
1144 0.98857
1145 0.98866
1146 0.98875
1147 0.98884
1148 0.98893
1149 0.98902
1150 0.98911
1151 0.9892
1152 0.98929
1153 0.98938
1154 0.98947
1155 0.98955
1156 0.98964
1157 0.98973
1158 0.98982
1159 0.9899
1160 0.98999
1161 0.99008
1162 0.99016
1163 0.99025
1164 0.99033
1165 0.99042
1166 0.9905
1167 0.99059
1168 0.99067
1169 0.99076
1170 0.99084
1171 0.99092
1172 0.99101
1173 0.99109
1174 0.99117
1175 0.99125
1176 0.99133
1177 0.99141
1178 0.99149
1179 0.99157
1180 0.99166
1181 0.99173
1182 0.99181
1183 0.99189
1184 0.99197
1185 0.99205
1186 0.99213
1187 0.99221
1188 0.99228
1189 0.99236
1190 0.99244
1191 0.99251
1192 0.99259
1193 0.99266
1194 0.99274
1195 0.99281
1196 0.99289
1197 0.99296
1198 0.99304
1199 0.99311
1200 0.99318
1201 0.99326
1202 0.99333
1203 0.9934
1204 0.99347
1205 0.99354
1206 0.99361
1207 0.99368
1208 0.99375
1209 0.99382
1210 0.99389
1211 0.99396
1212 0.99403
1213 0.9941
1214 0.99417
1215 0.99436
1216 0.99443
1217 0.99449
1218 0.99456
1219 0.99463
1220 0.99469
1221 0.99476
1222 0.99482
1223 0.99489
1224 0.99495
1225 0.99502
1226 0.99508
1227 0.99515
1228 0.99521
1229 0.99527
1230 0.99534
1231 0.9954
1232 0.99546
1233 0.99552
1234 0.99558
1235 0.99564
1236 0.9957
1237 0.99576
1238 0.99582
1239 0.99588
1240 0.99594
1241 0.996
1242 0.99606
1243 0.99612
1244 0.99617
1245 0.99623
1246 0.99629
1247 0.99634
1248 0.9964
1249 0.99645
1250 0.99651
1251 0.99656
1252 0.99662
1253 0.99667
1254 0.99672
1255 0.99678
1256 0.99683
1257 0.99688
1258 0.99693
1259 0.99698
1260 0.99703
1261 0.99708
1262 0.99713
1263 0.99718
1264 0.99723
1265 0.99728
1266 0.99733
1267 0.99738
1268 0.99743
1269 0.99747
1270 0.99752
1271 0.99756
1272 0.99761
1273 0.99766
1274 0.9977
1275 0.99774
1276 0.99779
1277 0.99783
1278 0.99788
1279 0.99792
1280 0.99796
1281 0.998
1282 0.99804
1283 0.99808
1284 0.99812
1285 0.99816
1286 0.9982
1287 0.99824
1288 0.99828
1289 0.99832
1290 0.99836
1291 0.99839
1292 0.99843
1293 0.99847
1294 0.9985
1295 0.99854
1296 0.99857
1297 0.99861
1298 0.99864
1299 0.99868
1300 0.99871
1301 0.99874
1302 0.99878
1303 0.99881
1304 0.99884
1305 0.99887
1306 0.9989
1307 0.99893
1308 0.99896
1309 0.99899
1310 0.99902
1311 0.99905
1312 0.99907
1313 0.9991
1314 0.99918
1315 0.99921
1316 0.99923
1317 0.99926
1318 0.99928
1319 0.99931
1320 0.99933
1321 0.99935
1322 0.99938
1323 0.9994
1324 0.99942
1325 0.99944
1326 0.99946
1327 0.99949
1328 0.99951
1329 0.99953
1330 0.99955
1331 0.99956
1332 0.99958
1333 0.9996
1334 0.99962
1335 0.99964
1336 0.99965
1337 0.99967
1338 0.99969
1339 0.9997
1340 0.99972
1341 0.99973
1342 0.99975
1343 0.99976
1344 0.99977
1345 0.99979
1346 0.9998
1347 0.99981
1348 0.99982
1349 0.99983
1350 0.99984
1351 0.99985
1352 0.99986
1353 0.99989
1354 0.9999
1355 0.99991
1356 0.99992
1357 0.99992
1358 0.99993
1359 0.99994
1360 0.99994
1361 0.99995
1362 0.99996
1363 0.99996
1364 0.99997
1365 0.99997
1366 0.99997
1367 0.99998
1368 0.99998
1369 0.99998
1370 0.99999
1371 1
1372 1
1373 1
1374 1
1375 1
1376 1
1377 1
1378 1
1379 1
1380 1
1381 1
1382 1
1383 1
1384 1
1385 1
1386 1
1387 1
1388 1
1389 1
1390 1
1391 1
1392 1
1393 1
1394 1
1395 1
1396 1
1397 1
1398 1
1399 1
1400 1
1401 1
1402 1
1403 1
1404 1
1405 1
1406 1
1407 1
1408 1
1409 1
1410 1
1411 1
1412 1
1413 1
1414 1
1415 1
1416 1
1417 1
1418 1
1419 1
1420 1
1421 1
1422 1
1423 1
1424 1
1425 1
1426 1
1427 1
1428 1
1429 1
1430 1
1431 1
1432 1
1433 1
1434 1
1435 1
1436 1
1437 1
1438 1
1439 1
1440 1
1441 1
1442 1
1443 1
1444 1
1445 1
1446 1
1447 1
1448 1
1449 1
1450 1
1451 1
1452 1
1453 1
1454 1
1455 1
1456 1
1457 1
1458 1
1459 1
1460 1
1461 1
1462 1
1463 1
1464 1
1465 1
1466 1
1467 1
1468 1
1469 1
1470 1
1471 1
1472 1
1473 1
1474 1
1475 1
1476 1
1477 1
1478 1
1479 1
1480 1
1481 1
1482 1
1483 1
1484 1
1485 1
1486 1
1487 1
1488 1
1489 1
1490 1
1491 1
1492 1
1493 1
1494 1
1495 1
1496 1
1497 1
1498 1
1499 1
1500 1
1501 1
1502 1
1503 1
1504 1
1505 1
1506 1
1507 1
1508 1
1509 1
1510 1
1511 1
1512 1
1513 1
1514 1
1515 1
1516 1
1517 1
1518 1
1519 1
1520 1
1521 1
1522 1
1523 1
1524 1
1525 1
1526 1
1527 1
1528 1
1529 1
1530 1
1531 1
1532 1
1533 1
1534 1
1535 1
1536 1
1537 1
1538 1
1539 1
1540 1
1541 1
1542 1
1543 1
1544 1
1545 1
1546 1
1547 1
1548 1
1549 1
1550 1
1551 1
1552 1
1553 1
1554 1
1555 1
1556 1
1557 1
1558 1
1559 1
1560 1
1561 1
1562 1
1563 1
1564 1
1565 1
1566 1
1567 1
1568 1
1569 1
1570 1
1571 1
1572 1
1573 1
1574 1
1575 1
1576 1
1577 1
1578 1
1579 1
1580 1
1581 1
1582 1
1583 1
1584 1
1585 1
1586 1
1587 1
1588 1
1589 1
1590 1
1591 1
1592 1
1593 1
1594 1
1595 1
1596 1
1597 1
1598 1
1599 1
1600 1
1601 1
1602 1
1603 1
1604 1
1605 1
1606 1
1607 1
1608 1
1609 1
1610 1
1611 1
1612 1
1613 1
1614 1
1615 1
1616 1
1617 1
1618 1
1619 1
1620 1
1621 1
1622 1
1623 1
1624 1
1625 1
1626 1
1627 1
1628 1
1629 1
1630 1
1631 1
1632 1
1633 1
1634 1
1635 1
1636 1
1637 1
1638 1
1639 1
1640 1
1641 1
1642 1
1643 1
1644 1
1645 1
1646 1
1647 1
1648 1
1649 1
1650 1
1651 1
1652 1
1653 1
1654 1
1655 1
1656 1
1657 1
1658 1
1659 1
1660 1
1661 1
1662 1
1663 1
1664 1
1665 1
1666 1
1667 1
1668 1
1669 1
1670 1
1671 1
1672 1
1673 1
1674 1
1675 1
1676 1
1677 1
1678 1
1679 1
1680 1
1681 1
1682 1
1683 1
1684 1
1685 1
1686 1
1687 1
1688 1
1689 1
1690 1
1691 1
1692 1
1693 1
1694 1
1695 1
1696 1
1697 1
1698 1
1699 1
1700 1
1701 1
1702 1
1703 1
1704 1
1705 1
1706 1
1707 1
1708 1
1709 1
1710 1
1711 1
1712 1
1713 1
1714 1
1715 1
1716 1
1717 1
1718 1
1719 1
1720 1
1721 1
1722 1
1723 1
1724 1
1725 1
1726 1
1727 1
1728 1
1729 1
1730 1
1731 1
1732 1
1733 1
1734 1
1735 1
1736 1
1737 1
1738 1
1739 1
1740 1
1741 1
1742 1
1743 1
1744 1
1745 1
1746 1
1747 1
1748 1
1749 1
1750 1
1751 1
1752 1
1753 1
1754 1
1755 1
1756 1
1757 1
1758 1
1759 1
1760 1
1761 1
1762 1
1763 1
1764 1
1765 1
1766 1
1767 1
1768 1
1769 1
1770 1
1771 1
1772 1
1773 1
1774 1
1775 1
1776 1
1777 1
1778 1
1779 1
1780 1
1781 1
1782 1
1783 1
1784 1
1785 1
1786 1
1787 1
1788 1
1789 1
1790 1
1791 1
1792 1
1793 1
1794 1
1795 1
1796 1
1797 1
1798 1
1799 1
1800 1
1801 1
1802 1
1803 1
1804 1
1805 1
1806 1
1807 1
1808 1
1809 1
1810 1
1811 1
1812 1
1813 1
1814 1
1815 1
1816 1
1817 1
1818 1
1819 1
1820 1
1821 1
1822 1
1823 1
1824 1
1825 1
1826 1
1827 1
1828 1
1829 1
1830 1
1831 1
1832 1
1833 1
1834 1
1835 1
1836 1
1837 1
1838 1
1839 1
1840 1
1841 1
1842 1
1843 1
1844 1
1845 1
1846 1
1847 1
1848 1
1849 1
1850 1
1851 1
1852 1
1853 1
1854 1
1855 1
1856 1
1857 1
1858 1
1859 1
1860 1
1861 1
1862 1
1863 1
1864 1
1865 1
1866 1
1867 1
1868 1
1869 1
1870 1
1871 1
1872 1
1873 1
1874 1
1875 1
1876 1
1877 1
1878 1
1879 1
1880 1
1881 1
1882 1
1883 1
1884 1
1885 1
1886 1
1887 1
1888 1
1889 1
1890 1
1891 1
1892 1
1893 1
1894 1
1895 1
1896 1
1897 1
1898 1
1899 1
1900 1
1901 1
1902 1
1903 1
1904 1
1905 1
1906 1
1907 1
1908 1
1909 1
1910 1
1911 1
1912 1
1913 1
1914 1
1915 1
1916 1
1917 1
1918 1
1919 1
1920 1
1921 1
1922 1
1923 1
1924 1
1925 1
1926 1
1927 1
1928 1
1929 1
1930 1
1931 1
1932 1
1933 1
1934 1
1935 1
1936 1
1937 1
1938 1
1939 1
1940 1
1941 1
1942 1
1943 1
1944 1
1945 1
1946 1
1947 1
1948 1
1949 1
1950 1
1951 1
1952 1
1953 1
1954 1
1955 1
1956 1
1957 1
1958 1
1959 1
1960 1
1961 1
1962 1
1963 1
1964 1
1965 1
1966 1
1967 1
1968 1
1969 1
1970 1
1971 1
1972 1
1973 1
1974 1
1975 1
1976 1
1977 1
1978 1
1979 1
1980 1
1981 1
1982 1
1983 1
1984 1
1985 1
1986 1
1987 1
1988 1
1989 1
1990 1
1991 1
1992 1
1993 1
1994 1
1995 1
1996 1
1997 1
1998 1
1999 1
2000 1
