-1.064409e+00 
-1.086973e+00 
-1.065418e+00 
-1.064066e+00 
-4.437719e-01 
-4.348368e-01 
-4.213469e-01 
-4.138195e-01 
-5.482448e-01 
-4.473080e-01 
-7.051544e-01 
-6.977240e-01 
-5.968582e-01 
-5.039668e-01 
-4.360750e-01 
-4.144257e-01 
-4.235376e-01 
-4.327948e-01 
-4.412310e-01 
-4.448060e-01 
-4.655140e-01 
-5.705808e-01 
-6.673909e-01 
-6.817715e-01 
-6.814282e-01 
-6.858162e-01 
-5.369979e-01 
-4.577288e-01 
-4.393834e-01 
-4.331574e-01 
-4.522199e-01 
-4.535886e-01 
-4.662173e-01 
-5.256850e-01 
-6.028877e-01 
-8.730393e-01 
-8.827480e-01 
-5.156872e-01 
-5.182534e-01 
-4.296067e-01 
-4.557360e-01 
-4.317979e-01 
-4.259829e-01 
-4.524588e-01 
-4.607338e-01 
-4.439492e-01 
-4.472991e-01 
-4.429109e-01 
-9.059971e-01 
-9.495460e-01 
-9.368285e-01 
-8.457812e-01 
-4.608474e-01 
-4.685285e-01 
-4.332565e-01 
-4.420807e-01 
-4.401005e-01 
-4.222293e-01 
-4.359956e-01 
-4.703849e-01 
-4.725011e-01 
-5.073736e-01 
-4.054971e-01 
-3.350989e-01 
-1.177927e-01 
-3.072829e-01 
-2.902651e-01 
-1.075151e-01 
-4.731923e-01 
-4.046135e-01 
-4.597179e-01 
-4.618840e-01 
-4.111180e-01 
-4.988124e-01 
-5.683929e-01 
-5.307223e-01 
-4.400199e-01 
-4.821741e-01 
6.940859e-02 
1.024938e-01 
6.631425e-02 
6.278542e-02 
-7.891207e-02 
-4.468945e-01 
-5.158898e-01 
-5.617868e-01 
-4.784046e-01 
-3.986918e-01 
-6.576992e-01 
-5.731384e-01 
-8.366502e-01 
-1.884009e-02 
2.446214e-02 
8.966217e-02 
-2.844247e-01 
-8.426442e-01 
-5.934352e-01 
-6.737306e-01 
-4.598350e-01 
-6.907351e-01 
-6.854989e-01 
-8.866357e-01 
-9.195568e-01 
-2.779933e-01 
-9.223213e-01 
-8.982123e-01 
-7.185224e-01 
-7.047208e-01 
-6.998067e-01 
-6.842326e-01 
-8.076130e-01 
-8.756428e-01 
-7.758983e-01 
-8.245579e-01 
-6.977814e-01 
-6.401847e-01 
-6.325355e-01 
-6.829543e-01 
-9.197523e-01 
-6.135745e-01 
-2.365359e-01 
9.943567e-02 
9.540428e-03 
-3.752311e-01 
-9.301083e-01 
-6.681347e-01 
-5.437297e-01 
-5.681806e-01 
-5.534563e-01 
-3.604436e-01 
-3.842115e-01 
5.006161e-02 
2.153834e-02 
6.915457e-02 
8.533981e-02 
4.685220e-02 
-4.129314e-01 
-5.028653e-01 
-5.336315e-01 
-4.351851e-01 
-4.653387e-01 
-5.089442e-01 
-4.994115e-01 
-4.064062e-01 
-4.738846e-01 
-1.168136e-01 
-2.916694e-01 
-1.007324e-01 
3.349613e-02 
-5.047325e-01 
-4.119675e-01 
-4.999264e-01 
-4.529465e-01 
-4.038547e-01 
-4.128596e-01 
-4.464535e-01 
-4.403832e-01 
-4.205285e-01 
-4.332581e-01 
-4.521756e-01 
-8.167676e-01 
-9.052795e-01 
-8.085164e-01 
-6.137163e-01 
-4.366361e-01 
-4.055544e-01 
-4.462551e-01 
-4.033145e-01 
-4.298848e-01 
-4.361592e-01 
-4.571769e-01 
-5.177463e-01 
-5.949008e-01 
-8.895066e-01 
-9.757043e-01 
-4.864134e-01 
-4.941962e-01 
-4.487697e-01 
-4.427942e-01 
-4.240208e-01 
-4.298673e-01 
-4.181095e-01 
-4.241312e-01 
-4.340838e-01 
-4.585512e-01 
-5.684140e-01 
-6.626642e-01 
-6.804261e-01 
-6.678606e-01 
-6.657890e-01 
-5.452735e-01 
-4.540053e-01 
-4.304262e-01 
-4.171908e-01 
-4.154039e-01 
-4.254765e-01 
-4.138466e-01 
-4.089852e-01 
-4.238434e-01 
-4.974802e-01 
-4.224195e-01 
-6.900246e-01 
-7.017274e-01 
-6.615094e-01 
-5.721957e-01 
-4.657778e-01 
-4.145402e-01 
-4.080863e-01 
-4.249849e-01 
-8.749541e-01 
-9.755225e-01 
-9.919831e-01 
-9.360111e-01 
-9.700261e-01 
-9.920808e-01 
-1.004647e+00 
-9.925925e-01 
-9.027475e-01 
-9.314355e-01 
-9.557653e-01 
-1.008540e+00 
-9.853486e-01 
-9.369670e-01 
-9.774621e-01 
-1.020561e+00 
-8.729219e-01 
-8.666391e-01 
-8.729185e-01 
-9.685524e-01 
-9.734068e-01 
-1.006806e+00 
-1.000447e+00 
-4.393043e-01 
-4.382833e-01 
-4.425014e-01 
-4.280919e-01 
-4.380339e-01 
-4.398214e-01 
-4.175832e-01 
-4.330765e-01 
-4.434305e-01 
-4.810322e-01 
-4.396668e-01 
-4.922002e-01 
-4.977764e-01 
-5.594128e-01 
-5.762312e-01 
-5.089444e-01 
-5.573495e-01 
-7.014392e-01 
-6.862726e-01 
-6.934629e-01 
-6.472911e-01 
-6.897478e-01 
-6.895761e-01 
-5.504125e-01 
-6.391432e-01 
-6.413372e-01 
-4.700209e-01 
-5.948915e-01 
-5.204824e-01 
-4.252503e-01 
-4.865365e-01 
-4.469019e-01 
-4.189817e-01 
-4.360772e-01 
-4.269046e-01 
-4.314605e-01 
-4.283475e-01 
-4.276678e-01 
-4.370129e-01 
-4.293888e-01 
-4.426268e-01 
-4.430185e-01 
-4.467255e-01 
-4.468449e-01 
-4.551600e-01 
-4.485130e-01 
-4.491973e-01 
-4.555116e-01 
-5.180474e-01 
-4.658657e-01 
-4.955995e-01 
-6.189859e-01 
-5.481329e-01 
-5.867343e-01 
-6.745812e-01 
-6.351393e-01 
-7.702151e-01 
-6.815998e-01 
-7.774054e-01 
-7.822597e-01 
-6.836222e-01 
-7.820881e-01 
-6.114071e-01 
-7.842821e-01 
-6.007517e-01 
-4.973634e-01 
-5.263425e-01 
-5.276257e-01 
-4.485561e-01 
-4.879911e-01 
-4.567324e-01 
-4.475597e-01 
-4.355907e-01 
-4.407321e-01 
-4.324776e-01 
-4.276933e-01 
-4.529042e-01 
-4.523394e-01 
-4.564768e-01 
-4.599029e-01 
-4.571612e-01 
-4.487689e-01 
-4.959512e-01 
-4.550832e-01 
-4.567582e-01 
-5.642864e-01 
-4.864921e-01 
-4.842980e-01 
-7.379635e-01 
-5.228993e-01 
-7.544424e-01 
-8.895182e-01 
-9.112927e-01 
-6.992176e-01 
-9.097882e-01 
-8.642646e-01 
-5.169703e-01 
-6.807342e-01 
-4.882673e-01 
-4.739301e-01 
-4.869947e-01 
-4.895504e-01 
-4.426714e-01 
-4.452270e-01 
-4.490676e-01 
-4.314316e-01 
-4.444963e-01 
-4.489084e-01 
-4.369393e-01 
-4.359492e-01 
-4.270136e-01 
-4.392209e-01 
-4.309893e-01 
-4.481839e-01 
-4.565963e-01 
-4.614219e-01 
-4.624800e-01 
-4.523415e-01 
-4.666174e-01 
-4.840537e-01 
-4.456241e-01 
-4.756614e-01 
-4.247231e-01 
-4.451050e-01 
-4.263981e-01 
-3.911990e-01 
-6.744540e-01 
-3.890049e-01 
-2.803518e-01 
-9.277715e-01 
-5.118949e-01 
-6.066400e-01 
-6.284144e-01 
-8.913049e-01 
-6.135468e-01 
-6.533143e-01 
-5.680232e-01 
-4.766482e-01 
-4.646879e-01 
-2.841813e-01 
-4.508925e-01 
-2.880218e-01 
-4.708604e-01 
-4.365710e-01 
-2.028715e-01 
-4.376686e-01 
-4.189350e-01 
-4.464872e-01 
-4.410906e-01 
-4.508993e-01 
-4.311649e-01 
-4.499092e-01 
-4.509923e-01 
-4.256093e-01 
-4.166737e-01 
-4.531903e-01 
-4.674040e-01 
-4.714430e-01 
-4.845986e-01 
-5.193889e-01 
-5.005536e-01 
-4.899373e-01 
-5.016117e-01 
-4.564353e-01 
-5.190479e-01 
-4.736967e-01 
-4.947738e-01 
-3.702980e-01 
-4.438356e-01 
-2.264458e-01 
-4.086365e-01 
-1.328451e-01 
-2.125378e-01 
-2.419206e-02 
-7.649446e-03 
-1.023946e-01 
-1.988901e-01 
-1.119754e-01 
-2.060045e-02 
-2.236486e-02 
-4.389029e-01 
-2.052034e-01 
-2.760522e-01 
-4.600434e-01 
-4.321657e-01 
-4.257540e-01 
-4.602516e-01 
-4.608009e-01 
-4.878038e-01 
-4.365010e-01 
-4.888869e-01 
-5.118354e-01 
-4.701443e-01 
-4.447613e-01 
-5.336027e-01 
-4.487521e-01 
-5.495576e-01 
-4.835424e-01 
-6.130461e-01 
-5.707657e-01 
-4.853711e-01 
-5.519304e-01 
-4.610970e-01 
-5.065792e-01 
-6.383351e-01 
-2.294300e-01 
-2.063828e-01 
-2.505071e-01 
8.595120e-02 
2.528425e-02 
4.693536e-02 
6.347798e-02 
6.454984e-02 
7.798821e-02 
-8.063327e-03 
7.622379e-02 
-2.629033e-01 
5.375046e-03 
-1.816684e-01 
-4.607782e-01 
-4.813921e-01 
-6.447694e-01 
-5.201649e-01 
-5.388383e-01 
-5.546625e-01 
-5.200957e-01 
-5.776110e-01 
-6.177587e-01 
-5.108109e-01 
-4.691198e-01 
-5.281955e-01 
-5.447134e-01 
-6.154188e-01 
-6.742172e-01 
-6.715990e-01 
-7.721675e-01 
-7.048943e-01 
-7.298871e-01 
-4.277452e-01 
-8.616430e-01 
-8.781035e-01 
-5.573218e-01 
2.811024e-03 
-1.484167e-01 
-1.267656e-01 
-9.738125e-02 
-5.635345e-01 
-6.033730e-01 
-7.180397e-01 
-8.824827e-01 
-8.704283e-01 
-6.335829e-01 
-7.458238e-01 
-5.667828e-01 
-7.859715e-01 
-6.961265e-01 
-6.892257e-01 
-5.822779e-01 
-6.881170e-01 
-6.952709e-01 
-7.860673e-01 
-6.926528e-01 
-6.848658e-01 
-7.465559e-01 
-9.030963e-01 
-5.987751e-01 
-9.102668e-01 
-8.083674e-01 
-7.116216e-01 
-7.715402e-01 
-7.081519e-01 
-7.012511e-01 
-6.724528e-01 
-6.920197e-01 
-6.661711e-01 
-7.459228e-01 
-6.583841e-01 
-6.835935e-01 
-7.452837e-01 
-8.636826e-01 
-6.805346e-01 
-8.976975e-01 
-7.446087e-01 
-5.560893e-01 
-3.831789e-01 
-5.755647e-01 
-8.530033e-01 
-7.611697e-01 
-8.773331e-01 
-7.463463e-01 
-6.637116e-01 
-6.689831e-01 
-6.829580e-01 
-6.541597e-01 
-5.919572e-01 
-6.577449e-01 
-6.003581e-01 
-6.255675e-01 
-6.182053e-01 
-5.959492e-01 
-7.666634e-01 
-7.366043e-01 
-6.400979e-01 
-4.250552e-01 
-4.870090e-01 
-4.988930e-01 
-2.817564e-01 
-6.855009e-02 
-9.323712e-02 
7.474864e-02 
6.048701e-02 
8.429512e-02 
-1.828454e-01 
4.744012e-02 
2.819632e-02 
-6.526697e-01 
-1.641895e-01 
-3.940813e-01 
-6.715198e-01 
-7.164868e-01 
-6.059322e-01 
-5.855000e-01 
-6.008831e-01 
-5.386806e-01 
-4.894574e-01 
-5.167596e-01 
-5.385624e-01 
-4.569499e-01 
-5.312002e-01 
-5.264339e-01 
-3.723275e-01 
-4.299275e-01 
-3.834249e-01 
-1.670749e-01 
-1.813366e-01 
-3.953089e-01 
-4.290480e-01 
3.579998e-02 
4.534645e-02 
-2.261731e-01 
-4.763763e-02 
-2.382952e-02 
-1.112574e-01 
6.609600e-02 
-7.696310e-03 
5.941797e-02 
-1.830396e-01 
4.017417e-02 
-2.289401e-01 
-4.578983e-01 
-4.588319e-01 
-4.124495e-01 
-4.564289e-01 
-5.182484e-01 
-5.013958e-01 
-4.844083e-01 
-5.167790e-01 
-4.932890e-01 
-4.440658e-01 
-4.195199e-01 
-4.871414e-01 
-4.390991e-01 
-5.041778e-01 
-4.609019e-01 
-4.776988e-01 
-4.529089e-01 
-4.729325e-01 
-4.698973e-01 
-4.401454e-01 
-4.233947e-01 
-4.134674e-01 
-2.953491e-01 
-4.472065e-01 
-4.535714e-01 
-4.630301e-01 
-2.042415e-01 
-2.844946e-01 
-4.667906e-01 
-5.542185e-01 
-5.984744e-01 
-3.361815e-02 
-4.546244e-01 
-3.572244e-01 
-2.356182e-01 
-2.901101e-01 
-2.015700e-01 
-4.583500e-01 
-4.706843e-01 
-4.551434e-01 
-4.559470e-01 
-4.087610e-01 
-4.291113e-01 
-4.273809e-01 
-4.764364e-01 
-4.730908e-01 
-4.284006e-01 
-4.496008e-01 
-4.414069e-01 
-4.168610e-01 
-4.096293e-01 
-4.296566e-01 
-4.080871e-01 
-4.434184e-01 
-4.248840e-01 
-4.381692e-01 
-4.304559e-01 
-4.351340e-01 
-4.382712e-01 
-4.268933e-01 
-4.283439e-01 
-4.388527e-01 
-4.427169e-01 
-4.452175e-01 
-4.755022e-01 
-6.344716e-01 
-4.849610e-01 
-5.235382e-01 
-8.610235e-01 
-7.058342e-01 
-8.531371e-01 
-8.973930e-01 
-7.111164e-01 
-8.921104e-01 
-5.251762e-01 
-7.947103e-01 
-5.500649e-01 
-4.210952e-01 
-4.615247e-01 
-4.654161e-01 
-4.498753e-01 
-4.271620e-01 
-4.241743e-01 
-4.445247e-01 
-4.380612e-01 
-4.165997e-01 
-4.107120e-01 
-4.330220e-01 
-4.239972e-01 
-4.270080e-01 
-4.466681e-01 
-4.301452e-01 
-4.351215e-01 
-4.874616e-01 
-4.456303e-01 
-4.578641e-01 
-5.563236e-01 
-4.881488e-01 
-5.430801e-01 
-7.422037e-01 
-5.816574e-01 
-6.287825e-01 
-7.760854e-01 
-7.849663e-01 
-7.310589e-01 
-8.217825e-01 
-8.207467e-01 
-4.903048e-01 
-5.761012e-01 
-5.158435e-01 
-4.714829e-01 
-5.197348e-01 
-4.741008e-01 
-4.457820e-01 
-4.513875e-01 
-4.395979e-01 
-4.334075e-01 
-4.363307e-01 
-4.366102e-01 
-4.269440e-01 
-4.272235e-01 
-4.206058e-01 
-4.197124e-01 
-4.245029e-01 
-4.226356e-01 
-4.211204e-01 
-4.217930e-01 
-4.291075e-01 
-4.248038e-01 
-4.189889e-01 
-4.463175e-01 
-4.239652e-01 
-4.215345e-01 
-5.134826e-01 
-4.337682e-01 
-4.411973e-01 
-4.780157e-01 
-6.155391e-01 
-5.329471e-01 
-4.954167e-01 
-6.715452e-01 
-5.425419e-01 
-6.763444e-01 
-6.741434e-01 
-6.852254e-01 
-6.910767e-01 
-6.668248e-01 
-6.847940e-01 
-6.646850e-01 
-6.055313e-01 
-6.636492e-01 
-6.189924e-01 
-4.996394e-01 
-5.587346e-01 
-5.055257e-01 
-4.799069e-01 
-4.422157e-01 
-4.342728e-01 
-4.310458e-01 
-4.238085e-01 
-4.192562e-01 
-4.126385e-01 
-4.210879e-01 
-4.201944e-01 
-4.196616e-01 
-4.114159e-01 
-4.164143e-01 
-4.606618e-01 
-4.599498e-01 
-5.562220e-01 
-6.958760e-01 
-6.816184e-01 
-6.168525e-01 
-5.189868e-01 
-4.401590e-01 
-4.113133e-01 

