0 -3.9861
0.0025063 -4.0113
0.0050125 -4.036
0.0075188 -4.0606
0.010025 -4.0853
0.012531 -4.1104
0.015038 -4.1359
0.017544 -4.162
0.02005 -4.1886
0.022556 -4.2157
0.025063 -4.2434
0.027569 -4.2717
0.030075 -4.3005
0.032581 -4.3298
0.035088 -4.3595
0.037594 -4.3896
0.0401 -4.42
0.042607 -4.4508
0.045113 -4.4818
0.047619 -4.5094
0.050125 -4.5408
0.052632 -4.5723
0.055138 -4.6038
0.057644 -4.6354
0.06015 -4.6671
0.062657 -4.6986
0.065163 -4.7302
0.067669 -4.7616
0.070175 -4.7929
0.072682 -4.8241
0.075188 -4.8551
0.077694 -4.886
0.080201 -4.9166
0.082707 -4.9471
0.085213 -4.9773
0.087719 -5.0072
0.090226 -5.037
0.092732 -5.0664
0.095238 -5.0956
0.097744 -5.1245
0.10025 -5.386
0.10276 -5.4156
0.10526 -5.4437
0.10777 -5.4708
0.11028 -5.4969
0.11278 -5.5223
0.11529 -5.547
0.11779 -5.5712
0.1203 -5.595
0.12281 -5.6184
0.12531 -5.6415
0.12782 -5.6643
0.13033 -5.6868
0.13283 -5.7092
0.13534 -5.7314
0.13784 -5.7534
0.14035 -5.7753
0.14286 -5.797
0.14536 -5.8187
0.14787 -5.8402
0.15038 -5.8616
0.15288 -5.8829
0.15539 -5.9041
0.15789 -5.9252
0.1604 -5.9461
0.16291 -5.9669
0.16541 -5.9875
0.16792 -6.008
0.17043 -6.0284
0.17293 -6.0486
0.17544 -6.0668
0.17794 -6.0867
0.18045 -6.1065
0.18296 -6.1261
0.18546 -6.1455
0.18797 -6.1647
0.19048 -6.1838
0.19298 -6.2028
0.19549 -6.2217
0.19799 -6.2405
0.2005 -6.2592
0.20301 -6.2778
0.20551 -6.2962
0.20802 -6.3146
0.21053 -6.3329
0.21303 -6.3515
0.21554 -6.3688
0.21805 -6.3859
0.22055 -6.4049
0.22306 -6.4223
0.22556 -6.4396
0.22807 -6.4569
0.23058 -6.474
0.23308 -6.4911
0.23559 -6.5067
0.2381 -6.5478
0.2406 -6.577
0.24311 -6.6044
0.24561 -6.6302
0.24812 -6.6547
0.25063 -6.6781
0.25313 -6.7005
0.25564 -6.722
0.25815 -6.7428
0.26065 -6.7629
0.26316 -6.7824
0.26566 -6.8014
0.26817 -6.8199
0.27068 -6.838
0.27318 -6.8557
0.27569 -6.873
0.2782 -6.89
0.2807 -6.9068
0.28321 -6.9233
0.28571 -6.9395
0.28822 -6.9555
0.29073 -6.9713
0.29323 -6.9869
0.29574 -7.0023
0.29825 -7.0161
0.30075 -7.0312
0.30326 -7.0461
0.30576 -7.0609
0.30827 -7.0755
0.31078 -7.09
0.31328 -7.1043
0.31579 -7.1185
0.3183 -7.1325
0.3208 -7.1464
0.32331 -7.1602
0.32581 -7.1697
0.32832 -7.1833
0.33083 -7.1968
0.33333 -7.2102
0.33584 -7.2234
0.33835 -7.2368
0.34085 -7.2502
0.34336 -7.2632
0.34586 -7.276
0.34837 -7.2887
0.35088 -7.3013
0.35338 -7.3139
0.35589 -7.3264
0.3584 -7.3388
0.3609 -7.3512
0.36341 -7.3635
0.36591 -7.3757
0.36842 -7.3878
0.37093 -7.3999
0.37343 -7.4119
0.37594 -7.4238
0.37845 -7.4357
0.38095 -7.4474
0.38346 -7.4591
0.38596 -7.4677
0.38847 -7.4792
0.39098 -7.4906
0.39348 -7.502
0.39599 -7.5133
0.3985 -7.5245
0.401 -7.5357
0.40351 -7.5468
0.40602 -7.5578
0.40852 -7.5687
0.41103 -7.5796
0.41353 -7.5904
0.41604 -7.6011
0.41855 -7.6117
0.42105 -7.6223
0.42356 -7.6328
0.42607 -7.6432
0.42857 -7.6536
0.43108 -7.6639
0.43358 -7.6741
0.43609 -7.6843
0.4386 -7.6944
0.4411 -7.7044
0.44361 -7.713
0.44612 -7.7229
0.44862 -7.7327
0.45113 -7.7424
0.45363 -7.7521
0.45614 -7.7617
0.45865 -7.7713
0.46115 -7.7808
0.46366 -7.7902
0.46617 -7.7996
0.46867 -7.7513
0.47118 -7.7686
0.47368 -7.7844
0.47619 -7.7991
0.4787 -7.8128
0.4812 -7.8257
0.48371 -7.8379
0.48622 -7.8496
0.48872 -7.8608
0.49123 -7.8717
0.49373 -7.8822
0.49624 -7.8924
0.49875 -7.9024
0.50125 -7.9122
0.50376 -7.9218
0.50627 -7.9312
0.50877 -7.9405
0.51128 -7.9497
0.51378 -7.9588
0.51629 -7.9678
0.5188 -7.9728
0.5213 -7.9814
0.52381 -7.99
0.52632 -7.9984
0.52882 -8.0069
0.53133 -8.0152
0.53383 -8.0275
0.53634 -8.0357
0.53885 -8.0438
0.54135 -8.0518
0.54386 -8.0597
0.54637 -8.0676
0.54887 -8.0755
0.55138 -8.0833
0.55388 -8.091
0.55639 -8.0987
0.5589 -8.1064
0.5614 -8.1139
0.56391 -8.1215
0.56642 -8.129
0.56892 -8.1364
0.57143 -8.1438
0.57393 -8.1512
0.57644 -8.1585
0.57895 -8.1658
0.58145 -8.173
0.58396 -8.1802
0.58647 -8.1874
0.58897 -8.1945
0.59148 -8.2016
0.59398 -8.2086
0.59649 -8.2156
0.599 -8.2225
0.6015 -8.2295
0.60401 -8.2363
0.60652 -8.2432
0.60902 -8.25
0.61153 -8.2567
0.61404 -8.2635
0.61654 -8.2702
0.61905 -8.2768
0.62155 -8.2835
0.62406 -8.2886
0.62657 -8.2952
0.62907 -8.3018
0.63158 -8.3083
0.63409 -8.3147
0.63659 -8.3211
0.6391 -8.3275
0.6416 -8.3339
0.64411 -8.3402
0.64662 -8.3464
0.64912 -8.3527
0.65163 -8.3589
0.65414 -8.365
0.65664 -8.3711
0.65915 -8.3772
0.66165 -8.3833
0.66416 -8.3893
0.66667 -8.3953
0.66917 -8.4012
0.67168 -8.4071
0.67419 -8.413
0.67669 -8.4189
0.6792 -8.4247
0.6817 -8.4305
0.68421 -8.4362
0.68672 -8.4419
0.68922 -8.4476
0.69173 -8.4533
0.69424 -8.4589
0.69674 -8.4644
0.69925 -8.47
0.70175 -8.4731
0.70426 -8.4786
0.70677 -8.4841
0.70927 -8.4895
0.71178 -8.4949
0.71429 -8.5002
0.71679 -8.5055
0.7193 -8.5108
0.7218 -8.5161
0.72431 -8.5213
0.72682 -8.5265
0.72932 -8.5317
0.73183 -8.5368
0.73434 -8.5419
0.73684 -8.5469
0.73935 -8.552
0.74185 -8.557
0.74436 -8.562
0.74687 -8.5669
0.74937 -8.5718
0.75188 -8.5767
0.75439 -8.5794
0.75689 -8.5843
0.7594 -8.5891
0.7619 -8.5939
0.76441 -8.5986
0.76692 -8.6033
0.76942 -8.608
0.77193 -8.6127
0.77444 -8.6174
0.77694 -8.622
0.77945 -8.6266
0.78195 -8.6311
0.78446 -8.6357
0.78697 -8.6402
0.78947 -8.6447
0.79198 -8.6491
0.79449 -8.6536
0.79699 -8.658
0.7995 -8.6624
0.80201 -8.6667
0.80451 -8.6711
0.80702 -8.6754
0.80952 -8.6796
0.81203 -8.6839
0.81454 -8.6881
0.81704 -8.6923
0.81955 -8.6965
0.82206 -8.7006
0.82456 -8.7047
0.82707 -8.7066
0.82957 -8.7106
0.83208 -8.7146
0.83459 -8.7186
0.83709 -8.7226
0.8396 -8.7265
0.84211 -8.7304
0.84461 -8.7344
0.84712 -8.7382
0.84962 -8.7421
0.85213 -8.7459
0.85464 -8.7497
0.85714 -8.7535
0.85965 -8.7573
0.86216 -8.7611
0.86466 -8.7648
0.86717 -8.7685
0.86967 -8.7722
0.87218 -8.7759
0.87469 -8.7795
0.87719 -8.7831
0.8797 -8.7867
0.88221 -8.7903
0.88471 -8.7939
0.88722 -8.7974
0.88972 -8.8009
0.89223 -8.8044
0.89474 -8.8079
0.89724 -8.8114
0.89975 -8.8148
0.90226 -8.8182
0.90476 -8.8216
0.90727 -8.825
0.90977 -8.8283
0.91228 -8.8316
0.91479 -8.8349
0.91729 -8.8382
0.9198 -8.8415
0.92231 -8.8448
0.92481 -8.848
0.92732 -8.8512
0.92982 -8.8544
0.93233 -8.8576
0.93484 -8.8607
0.93734 -8.8638
0.93985 -8.8669
0.94236 -8.87
0.94486 -8.8731
0.94737 -8.8762
0.94987 -8.8792
0.95238 -8.8822
0.95489 -8.8852
0.95739 -8.8882
0.9599 -8.8912
0.96241 -8.8941
0.96491 -8.897
0.96742 -8.9
0.96992 -8.9029
0.97243 -8.9057
0.97494 -8.9086
0.97744 -8.9114
0.97995 -8.9143
0.98246 -8.9171
0.98496 -8.9199
0.98747 -8.9227
0.98997 -8.9255
0.99248 -8.9282
0.99499 -8.9309
0.99749 -8.9337
1 -8.9364
