0 -0.44575
0.0025063 -0.44856
0.0050125 -0.45133
0.0075188 -0.45408
0.010025 -0.45685
0.012531 -0.45965
0.015038 -0.4625
0.017544 -0.46542
0.02005 -0.46839
0.022556 -0.47143
0.025063 -0.47453
0.027569 -0.47769
0.030075 -0.48091
0.032581 -0.48418
0.035088 -0.4875
0.037594 -0.49087
0.0401 -0.49427
0.042607 -0.49771
0.045113 -0.50118
0.047619 -0.50427
0.050125 -0.50778
0.052632 -0.5113
0.055138 -0.51483
0.057644 -0.51836
0.06015 -0.5219
0.062657 -0.52543
0.065163 -0.52895
0.067669 -0.53247
0.070175 -0.53597
0.072682 -0.53946
0.075188 -0.54293
0.077694 -0.54638
0.080201 -0.5498
0.082707 -0.55321
0.085213 -0.55659
0.087719 -0.55994
0.090226 -0.56326
0.092732 -0.56656
0.095238 -0.56982
0.097744 -0.57305
0.10025 -0.6023
0.10276 -0.6056
0.10526 -0.60875
0.10777 -0.61178
0.11028 -0.6147
0.11278 -0.61754
0.11529 -0.6203
0.11779 -0.62301
0.1203 -0.62566
0.12281 -0.62828
0.12531 -0.63086
0.12782 -0.63341
0.13033 -0.63593
0.13283 -0.63843
0.13534 -0.64091
0.13784 -0.64338
0.14035 -0.64582
0.14286 -0.64826
0.14536 -0.65068
0.14787 -0.65308
0.15038 -0.65548
0.15288 -0.65786
0.15539 -0.66023
0.15789 -0.66259
0.1604 -0.66493
0.16291 -0.66725
0.16541 -0.66956
0.16792 -0.67185
0.17043 -0.67413
0.17293 -0.67639
0.17544 -0.67842
0.17794 -0.68065
0.18045 -0.68286
0.18296 -0.68505
0.18546 -0.68723
0.18797 -0.68938
0.19048 -0.69151
0.19298 -0.69363
0.19549 -0.69575
0.19799 -0.69785
0.2005 -0.69994
0.20301 -0.70202
0.20551 -0.70408
0.20802 -0.70613
0.21053 -0.70818
0.21303 -0.71026
0.21554 -0.7122
0.21805 -0.71411
0.22055 -0.71623
0.22306 -0.71817
0.22556 -0.72011
0.22807 -0.72204
0.23058 -0.72396
0.23308 -0.72587
0.23559 -0.72762
0.2381 -0.73221
0.2406 -0.73547
0.24311 -0.73854
0.24561 -0.74143
0.24812 -0.74417
0.25063 -0.74678
0.25313 -0.74929
0.25564 -0.75169
0.25815 -0.75402
0.26065 -0.75626
0.26316 -0.75844
0.26566 -0.76057
0.26817 -0.76264
0.27068 -0.76466
0.27318 -0.76664
0.27569 -0.76858
0.2782 -0.77048
0.2807 -0.77236
0.28321 -0.7742
0.28571 -0.77601
0.28822 -0.7778
0.29073 -0.77957
0.29323 -0.78131
0.29574 -0.78304
0.29825 -0.78458
0.30075 -0.78627
0.30326 -0.78794
0.30576 -0.78959
0.30827 -0.79122
0.31078 -0.79284
0.31328 -0.79444
0.31579 -0.79603
0.3183 -0.7976
0.3208 -0.79915
0.32331 -0.8007
0.32581 -0.80176
0.32832 -0.80328
0.33083 -0.80478
0.33333 -0.80628
0.33584 -0.80776
0.33835 -0.80926
0.34085 -0.81076
0.34336 -0.81222
0.34586 -0.81365
0.34837 -0.81507
0.35088 -0.81648
0.35338 -0.81788
0.35589 -0.81928
0.3584 -0.82067
0.3609 -0.82205
0.36341 -0.82343
0.36591 -0.82479
0.36842 -0.82615
0.37093 -0.8275
0.37343 -0.82884
0.37594 -0.83017
0.37845 -0.8315
0.38095 -0.83281
0.38346 -0.83412
0.38596 -0.83508
0.38847 -0.83636
0.39098 -0.83764
0.39348 -0.83891
0.39599 -0.84018
0.3985 -0.84143
0.401 -0.84268
0.40351 -0.84392
0.40602 -0.84515
0.40852 -0.84638
0.41103 -0.84759
0.41353 -0.8488
0.41604 -0.85
0.41855 -0.85119
0.42105 -0.85237
0.42356 -0.85354
0.42607 -0.85471
0.42857 -0.85587
0.43108 -0.85702
0.43358 -0.85816
0.43609 -0.8593
0.4386 -0.86043
0.4411 -0.86155
0.44361 -0.86251
0.44612 -0.86362
0.44862 -0.86471
0.45113 -0.8658
0.45363 -0.86689
0.45614 -0.86796
0.45865 -0.86903
0.46115 -0.87009
0.46366 -0.87115
0.46617 -0.8722
0.46867 -0.8668
0.47118 -0.86873
0.47368 -0.8705
0.47619 -0.87214
0.4787 -0.87367
0.4812 -0.87511
0.48371 -0.87648
0.48622 -0.87779
0.48872 -0.87904
0.49123 -0.88025
0.49373 -0.88143
0.49624 -0.88257
0.49875 -0.88369
0.50125 -0.88478
0.50376 -0.88586
0.50627 -0.88691
0.50877 -0.88795
0.51128 -0.88898
0.51378 -0.89
0.51629 -0.89101
0.5188 -0.89156
0.5213 -0.89253
0.52381 -0.89348
0.52632 -0.89443
0.52882 -0.89537
0.53133 -0.8963
0.53383 -0.89768
0.53634 -0.89859
0.53885 -0.8995
0.54135 -0.9004
0.54386 -0.90129
0.54637 -0.90217
0.54887 -0.90305
0.55138 -0.90392
0.55388 -0.90478
0.55639 -0.90564
0.5589 -0.9065
0.5614 -0.90735
0.56391 -0.90819
0.56642 -0.90903
0.56892 -0.90986
0.57143 -0.91069
0.57393 -0.91151
0.57644 -0.91233
0.57895 -0.91315
0.58145 -0.91395
0.58396 -0.91476
0.58647 -0.91556
0.58897 -0.91635
0.59148 -0.91714
0.59398 -0.91793
0.59649 -0.91871
0.599 -0.91949
0.6015 -0.92026
0.60401 -0.92103
0.60652 -0.9218
0.60902 -0.92256
0.61153 -0.92332
0.61404 -0.92407
0.61654 -0.92482
0.61905 -0.92556
0.62155 -0.9263
0.62406 -0.92688
0.62657 -0.92762
0.62907 -0.92835
0.63158 -0.92908
0.63409 -0.9298
0.63659 -0.93052
0.6391 -0.93123
0.6416 -0.93194
0.64411 -0.93265
0.64662 -0.93335
0.64912 -0.93404
0.65163 -0.93474
0.65414 -0.93542
0.65664 -0.93611
0.65915 -0.93679
0.66165 -0.93747
0.66416 -0.93814
0.66667 -0.93881
0.66917 -0.93947
0.67168 -0.94013
0.67419 -0.94079
0.67669 -0.94145
0.6792 -0.9421
0.6817 -0.94274
0.68421 -0.94339
0.68672 -0.94402
0.68922 -0.94466
0.69173 -0.94529
0.69424 -0.94592
0.69674 -0.94654
0.69925 -0.94716
0.70175 -0.94751
0.70426 -0.94813
0.70677 -0.94874
0.70927 -0.94934
0.71178 -0.94995
0.71429 -0.95054
0.71679 -0.95114
0.7193 -0.95173
0.7218 -0.95232
0.72431 -0.9529
0.72682 -0.95348
0.72932 -0.95406
0.73183 -0.95463
0.73434 -0.9552
0.73684 -0.95577
0.73935 -0.95633
0.74185 -0.95689
0.74436 -0.95745
0.74687 -0.958
0.74937 -0.95855
0.75188 -0.9591
0.75439 -0.9594
0.75689 -0.95994
0.7594 -0.96048
0.7619 -0.96101
0.76441 -0.96154
0.76692 -0.96207
0.76942 -0.9626
0.77193 -0.96312
0.77444 -0.96364
0.77694 -0.96416
0.77945 -0.96467
0.78195 -0.96518
0.78446 -0.96569
0.78697 -0.96619
0.78947 -0.9667
0.79198 -0.9672
0.79449 -0.96769
0.79699 -0.96818
0.7995 -0.96867
0.80201 -0.96916
0.80451 -0.96965
0.80702 -0.97013
0.80952 -0.97061
0.81203 -0.97108
0.81454 -0.97155
0.81704 -0.97202
0.81955 -0.97249
0.82206 -0.97295
0.82456 -0.97341
0.82707 -0.97362
0.82957 -0.97407
0.83208 -0.97452
0.83459 -0.97496
0.83709 -0.97541
0.8396 -0.97585
0.84211 -0.97629
0.84461 -0.97672
0.84712 -0.97716
0.84962 -0.97759
0.85213 -0.97802
0.85464 -0.97845
0.85714 -0.97887
0.85965 -0.97929
0.86216 -0.97971
0.86466 -0.98013
0.86717 -0.98054
0.86967 -0.98096
0.87218 -0.98137
0.87469 -0.98178
0.87719 -0.98218
0.8797 -0.98258
0.88221 -0.98298
0.88471 -0.98338
0.88722 -0.98378
0.88972 -0.98417
0.89223 -0.98456
0.89474 -0.98495
0.89724 -0.98534
0.89975 -0.98572
0.90226 -0.9861
0.90476 -0.98648
0.90727 -0.98686
0.90977 -0.98723
0.91228 -0.9876
0.91479 -0.98797
0.91729 -0.98834
0.9198 -0.98871
0.92231 -0.98907
0.92481 -0.98943
0.92732 -0.98979
0.92982 -0.99015
0.93233 -0.9905
0.93484 -0.99085
0.93734 -0.9912
0.93985 -0.99155
0.94236 -0.9919
0.94486 -0.99224
0.94737 -0.99258
0.94987 -0.99292
0.95238 -0.99326
0.95489 -0.9936
0.95739 -0.99393
0.9599 -0.99426
0.96241 -0.99459
0.96491 -0.99492
0.96742 -0.99524
0.96992 -0.99557
0.97243 -0.99589
0.97494 -0.99621
0.97744 -0.99653
0.97995 -0.99685
0.98246 -0.99716
0.98496 -0.99747
0.98747 -0.99778
0.98997 -0.99809
0.99248 -0.9984
0.99499 -0.99871
0.99749 -0.99901
1 -0.99932
