0 -4.8349
0.0025063 -4.8615
0.0050125 -4.8874
0.0075188 -4.9131
0.010025 -4.9389
0.012531 -4.9651
0.015038 -4.9918
0.017544 -5.0191
0.02005 -5.0471
0.022556 -5.0757
0.025063 -5.1049
0.027569 -5.1347
0.030075 -5.1651
0.032581 -5.196
0.035088 -5.2274
0.037594 -5.2591
0.0401 -5.2912
0.042607 -5.3235
0.045113 -5.3561
0.047619 -5.3888
0.050125 -5.4216
0.052632 -5.4544
0.055138 -5.4873
0.057644 -5.5202
0.06015 -5.5529
0.062657 -5.5853
0.065163 -5.6175
0.067669 -5.8266
0.070175 -5.8674
0.072682 -5.9048
0.075188 -5.9397
0.077694 -5.9728
0.080201 -6.0044
0.082707 -6.035
0.085213 -6.0656
0.087719 -6.0946
0.090226 -6.1231
0.092732 -6.151
0.095238 -6.1786
0.097744 -6.2058
0.10025 -6.2326
0.10276 -6.2591
0.10526 -6.2854
0.10777 -6.3115
0.11028 -6.3372
0.11278 -6.3627
0.11529 -6.3881
0.11779 -6.4133
0.1203 -6.4384
0.12281 -6.4633
0.12531 -6.488
0.12782 -6.5126
0.13033 -6.5372
0.13283 -6.5613
0.13534 -6.5772
0.13784 -6.6142
0.14035 -6.6481
0.14286 -6.6793
0.14536 -6.7089
0.14787 -6.7367
0.15038 -6.7633
0.15288 -6.7888
0.15539 -6.8133
0.15789 -6.8371
0.1604 -6.8603
0.16291 -6.8828
0.16541 -6.9048
0.16792 -6.9264
0.17043 -6.9476
0.17293 -6.9683
0.17544 -6.9888
0.17794 -7.0089
0.18045 -7.0289
0.18296 -7.0486
0.18546 -7.0681
0.18797 -7.0873
0.19048 -7.1065
0.19298 -7.1255
0.19549 -7.1444
0.19799 -7.1632
0.2005 -7.1818
0.20301 -7.2003
0.20551 -7.2186
0.20802 -7.2366
0.21053 -7.2544
0.21303 -7.2722
0.21554 -7.29
0.21805 -7.3075
0.22055 -7.3253
0.22306 -7.3432
0.22556 -7.3607
0.22807 -7.378
0.23058 -7.3952
0.23308 -7.3902
0.23559 -7.4196
0.2381 -7.4459
0.2406 -7.47
0.24311 -7.4925
0.24561 -7.5138
0.24812 -7.5341
0.25063 -7.5537
0.25313 -7.5726
0.25564 -7.5911
0.25815 -7.609
0.26065 -7.6266
0.26316 -7.6439
0.26566 -7.6608
0.26817 -7.6775
0.27068 -7.6939
0.27318 -7.71
0.27569 -7.726
0.2782 -7.7417
0.2807 -7.7572
0.28321 -7.7726
0.28571 -7.7878
0.28822 -7.8027
0.29073 -7.8176
0.29323 -7.8322
0.29574 -7.8466
0.29825 -7.861
0.30075 -7.8753
0.30326 -7.8893
0.30576 -7.9032
0.30827 -7.917
0.31078 -7.9308
0.31328 -7.9444
0.31579 -7.9578
0.3183 -7.9712
0.3208 -7.9845
0.32331 -7.9985
0.32581 -8.0107
0.32832 -8.0236
0.33083 -8.0372
0.33333 -8.05
0.33584 -8.0626
0.33835 -8.0751
0.34085 -8.0876
0.34336 -8.1
0.34586 -8.1122
0.34837 -8.1243
0.35088 -8.1364
0.35338 -8.1483
0.35589 -8.1601
0.3584 -8.1719
0.3609 -8.1836
0.36341 -8.1951
0.36591 -8.2066
0.36842 -8.1614
0.37093 -8.1805
0.37343 -8.1979
0.37594 -8.214
0.37845 -8.2292
0.38095 -8.2435
0.38346 -8.2572
0.38596 -8.2704
0.38847 -8.2832
0.39098 -8.2955
0.39348 -8.3076
0.39599 -8.3195
0.3985 -8.3311
0.401 -8.3425
0.40351 -8.3537
0.40602 -8.3647
0.40852 -8.3756
0.41103 -8.3864
0.41353 -8.397
0.41604 -8.4075
0.41855 -8.4179
0.42105 -8.4282
0.42356 -8.4383
0.42607 -8.4484
0.42857 -8.4584
0.43108 -8.4683
0.43358 -8.4772
0.43609 -8.4869
0.4386 -8.4966
0.4411 -8.5062
0.44361 -8.5156
0.44612 -8.525
0.44862 -8.5343
0.45113 -8.5436
0.45363 -8.5528
0.45614 -8.5619
0.45865 -8.5709
0.46115 -8.5799
0.46366 -8.5888
0.46617 -8.5976
0.46867 -8.6064
0.47118 -8.6151
0.47368 -8.6237
0.47619 -8.6322
0.4787 -8.6407
0.4812 -8.6491
0.48371 -8.6575
0.48622 -8.6658
0.48872 -8.674
0.49123 -8.6822
0.49373 -8.6911
0.49624 -8.6992
0.49875 -8.7072
0.50125 -8.7152
0.50376 -8.7231
0.50627 -8.731
0.50877 -8.7387
0.51128 -8.7465
0.51378 -8.7542
0.51629 -8.7618
0.5188 -8.7694
0.5213 -8.7769
0.52381 -8.7844
0.52632 -8.7919
0.52882 -8.7992
0.53133 -8.8066
0.53383 -8.8139
0.53634 -8.8211
0.53885 -8.8283
0.54135 -8.8355
0.54386 -8.8426
0.54637 -8.8496
0.54887 -8.8566
0.55138 -8.8636
0.55388 -8.8705
0.55639 -8.8774
0.5589 -8.8842
0.5614 -8.891
0.56391 -8.8977
0.56642 -8.9044
0.56892 -8.9111
0.57143 -8.9177
0.57393 -8.9247
0.57644 -8.9312
0.57895 -8.9377
0.58145 -8.9441
0.58396 -8.9505
0.58647 -8.9568
0.58897 -8.9632
0.59148 -8.9698
0.59398 -8.976
0.59649 -8.9822
0.599 -8.9883
0.6015 -8.9947
0.60401 -9.0007
0.60652 -9.0067
0.60902 -9.0127
0.61153 -9.0187
0.61404 -9.0246
0.61654 -9.0305
0.61905 -9.0363
0.62155 -9.0421
0.62406 -9.0479
0.62657 -9.0536
0.62907 -9.0592
0.63158 -9.0649
0.63409 -9.0705
0.63659 -9.0319
0.6391 -9.0411
0.6416 -9.0498
0.64411 -9.058
0.64662 -9.0658
0.64912 -9.0733
0.65163 -9.0805
0.65414 -9.0875
0.65664 -9.0942
0.65915 -9.1007
0.66165 -9.1071
0.66416 -9.1133
0.66667 -9.1194
0.66917 -9.1253
0.67168 -9.1312
0.67419 -9.1369
0.67669 -9.1426
0.6792 -9.1481
0.6817 -9.1536
0.68421 -9.159
0.68672 -9.1644
0.68922 -9.1696
0.69173 -9.1749
0.69424 -9.18
0.69674 -9.1851
0.69925 -9.1902
0.70175 -9.1952
0.70426 -9.2002
0.70677 -9.2051
0.70927 -9.21
0.71178 -9.2148
0.71429 -9.2195
0.71679 -9.2242
0.7193 -9.229
0.7218 -9.2336
0.72431 -9.2383
0.72682 -9.2429
0.72932 -9.2474
0.73183 -9.252
0.73434 -9.2565
0.73684 -9.261
0.73935 -9.2654
0.74185 -9.2699
0.74436 -9.2743
0.74687 -9.2786
0.74937 -9.283
0.75188 -9.2873
0.75439 -9.2915
0.75689 -9.293
0.7594 -9.2972
0.7619 -9.3013
0.76441 -9.3054
0.76692 -9.3095
0.76942 -9.3136
0.77193 -9.3176
0.77444 -9.3216
0.77694 -9.3256
0.77945 -9.3296
0.78195 -9.3335
0.78446 -9.3374
0.78697 -9.3413
0.78947 -9.3451
0.79198 -9.349
0.79449 -9.3528
0.79699 -9.3566
0.7995 -9.3603
0.80201 -9.364
0.80451 -9.3678
0.80702 -9.3714
0.80952 -9.3751
0.81203 -9.3787
0.81454 -9.3823
0.81704 -9.3859
0.81955 -9.3895
0.82206 -9.393
0.82456 -9.3965
0.82707 -9.4
0.82957 -9.4035
0.83208 -9.407
0.83459 -9.4104
0.83709 -9.4138
0.8396 -9.4172
0.84211 -9.4205
0.84461 -9.4239
0.84712 -9.4272
0.84962 -9.4305
0.85213 -9.4338
0.85464 -9.437
0.85714 -9.4402
0.85965 -9.4435
0.86216 -9.4467
0.86466 -9.4499
0.86717 -9.453
0.86967 -9.4561
0.87218 -9.4593
0.87469 -9.4623
0.87719 -9.4654
0.8797 -9.4644
0.88221 -9.4674
0.88471 -9.4704
0.88722 -9.4734
0.88972 -9.4764
0.89223 -9.4793
0.89474 -9.4822
0.89724 -9.4851
0.89975 -9.4881
0.90226 -9.4909
0.90476 -9.4937
0.90727 -9.4966
0.90977 -9.4994
0.91228 -9.502
0.91479 -9.5046
0.91729 -9.5073
0.9198 -9.5102
0.92231 -9.5131
0.92481 -9.5159
0.92732 -9.5187
0.92982 -9.5214
0.93233 -9.524
0.93484 -9.5266
0.93734 -9.5292
0.93985 -9.5318
0.94236 -9.5344
0.94486 -9.5369
0.94737 -9.5395
0.94987 -9.5373
0.95238 -9.5398
0.95489 -9.5423
0.95739 -9.5448
0.9599 -9.5473
0.96241 -9.5498
0.96491 -9.5522
0.96742 -9.5546
0.96992 -9.5571
0.97243 -9.5594
0.97494 -9.5618
0.97744 -9.5642
0.97995 -9.5666
0.98246 -9.569
0.98496 -9.5714
0.98747 -9.5738
0.98997 -9.5761
0.99248 -9.5785
0.99499 -9.5808
0.99749 -9.5831
1 -9.5854
