0 -0.23902
0.0025063 -0.26018
0.0050125 -0.27796
0.0075188 -0.29371
0.010025 -0.32163
0.012531 -0.33682
0.015038 -0.34843
0.017544 -0.35873
0.02005 -0.3687
0.022556 -0.38072
0.025063 -0.3971
0.027569 -0.40872
0.030075 -0.41893
0.032581 -0.42852
0.035088 -0.43938
0.037594 -0.45247
0.0401 -0.46292
0.042607 -0.47206
0.045113 -0.48073
0.047619 -0.48908
0.050125 -0.4971
0.052632 -0.50489
0.055138 -0.5121
0.057644 -0.52172
0.06015 -0.52922
0.062657 -0.53634
0.065163 -0.54331
0.067669 -0.55015
0.070175 -0.55688
0.072682 -0.56348
0.075188 -0.56996
0.077694 -0.57632
0.080201 -0.58257
0.082707 -0.5887
0.085213 -0.59473
0.087719 -0.60066
0.090226 -0.6059
0.092732 -0.61319
0.095238 -0.61909
0.097744 -0.62474
0.10025 -0.63026
0.10276 -0.6357
0.10526 -0.64104
0.10777 -0.64631
0.11028 -0.6515
0.11278 -0.6566
0.11529 -0.66164
0.11779 -0.6666
0.1203 -0.67148
0.12281 -0.6763
0.12531 -0.68104
0.12782 -0.68572
0.13033 -0.69034
0.13283 -0.69489
0.13534 -0.69937
0.13784 -0.7038
0.14035 -0.70817
0.14286 -0.71247
0.14536 -0.71672
0.14787 -0.72092
0.15038 -0.72505
0.15288 -0.72914
0.15539 -0.73249
0.15789 -0.73718
0.1604 -0.74131
0.16291 -0.74527
0.16541 -0.74913
0.16792 -0.75293
0.17043 -0.75668
0.17293 -0.76037
0.17544 -0.76401
0.17794 -0.76761
0.18045 -0.77116
0.18296 -0.77466
0.18546 -0.77812
0.18797 -0.78153
0.19048 -0.7849
0.19298 -0.78822
0.19549 -0.7915
0.19799 -0.79474
0.2005 -0.79794
0.20301 -0.8011
0.20551 -0.80421
0.20802 -0.80729
0.21053 -0.81032
0.21303 -0.81332
0.21554 -0.81627
0.21805 -0.81919
0.22055 -0.82207
0.22306 -0.82491
0.22556 -0.82771
0.22807 -0.83048
0.23058 -0.83321
0.23308 -0.8359
0.23559 -0.83856
0.2381 -0.84118
0.2406 -0.84377
0.24311 -0.84632
0.24561 -0.84884
0.24812 -0.85132
0.25063 -0.85377
0.25313 -0.85619
0.25564 -0.85857
0.25815 -0.86092
0.26065 -0.86324
0.26316 -0.86553
0.26566 -0.86779
0.26817 -0.87001
0.27068 -0.87221
0.27318 -0.87437
0.27569 -0.8765
0.2782 -0.87861
0.2807 -0.88068
0.28321 -0.88273
0.28571 -0.88474
0.28822 -0.88673
0.29073 -0.88869
0.29323 -0.89062
0.29574 -0.89253
0.29825 -0.8944
0.30075 -0.89625
0.30326 -0.89807
0.30576 -0.89987
0.30827 -0.90164
0.31078 -0.90339
0.31328 -0.90511
0.31579 -0.9068
0.3183 -0.90847
0.3208 -0.91011
0.32331 -0.91173
0.32581 -0.91333
0.32832 -0.9149
0.33083 -0.91645
0.33333 -0.91797
0.33584 -0.91948
0.33835 -0.92095
0.34085 -0.92241
0.34336 -0.92385
0.34586 -0.92526
0.34837 -0.92665
0.35088 -0.92802
0.35338 -0.92937
0.35589 -0.9307
0.3584 -0.932
0.3609 -0.93329
0.36341 -0.93456
0.36591 -0.9358
0.36842 -0.93703
0.37093 -0.93824
0.37343 -0.93943
0.37594 -0.9406
0.37845 -0.94175
0.38095 -0.94288
0.38346 -0.94399
0.38596 -0.94509
0.38847 -0.94617
0.39098 -0.94723
0.39348 -0.94827
0.39599 -0.9493
0.3985 -0.95031
0.401 -0.9513
0.40351 -0.95228
0.40602 -0.95324
0.40852 -0.95419
0.41103 -0.95512
0.41353 -0.95603
0.41604 -0.95693
0.41855 -0.95781
0.42105 -0.95868
0.42356 -0.95954
0.42607 -0.96038
0.42857 -0.9612
0.43108 -0.96201
0.43358 -0.96281
0.43609 -0.96359
0.4386 -0.96436
0.4411 -0.96512
0.44361 -0.96586
0.44612 -0.9666
0.44862 -0.96731
0.45113 -0.96802
0.45363 -0.96871
0.45614 -0.96939
0.45865 -0.97006
0.46115 -0.97072
0.46366 -0.97137
0.46617 -0.972
0.46867 -0.97262
0.47118 -0.97324
0.47368 -0.97384
0.47619 -0.97443
0.4787 -0.97501
0.4812 -0.97557
0.48371 -0.97593
0.48622 -0.97668
0.48872 -0.97735
0.49123 -0.97796
0.49373 -0.97852
0.49624 -0.97907
0.49875 -0.97959
0.50125 -0.98009
0.50376 -0.98058
0.50627 -0.98106
0.50877 -0.98153
0.51128 -0.98199
0.51378 -0.98244
0.51629 -0.98288
0.5188 -0.98331
0.5213 -0.98373
0.52381 -0.98415
0.52632 -0.98456
0.52882 -0.98495
0.53133 -0.98535
0.53383 -0.98573
0.53634 -0.98611
0.53885 -0.98648
0.54135 -0.98684
0.54386 -0.98719
0.54637 -0.98754
0.54887 -0.98788
0.55138 -0.98822
0.55388 -0.98854
0.55639 -0.98886
0.5589 -0.98918
0.5614 -0.98949
0.56391 -0.98979
0.56642 -0.99009
0.56892 -0.99038
0.57143 -0.99066
0.57393 -0.99094
0.57644 -0.99121
0.57895 -0.99148
0.58145 -0.99174
0.58396 -0.992
0.58647 -0.99225
0.58897 -0.9925
0.59148 -0.99274
0.59398 -0.99297
0.59649 -0.9932
0.599 -0.99343
0.6015 -0.99365
0.60401 -0.99387
0.60652 -0.99408
0.60902 -0.99429
0.61153 -0.99449
0.61404 -0.99469
0.61654 -0.99488
0.61905 -0.99507
0.62155 -0.99526
0.62406 -0.99544
0.62657 -0.99562
0.62907 -0.99579
0.63158 -0.99596
0.63409 -0.99613
0.63659 -0.99629
0.6391 -0.99645
0.6416 -0.99661
0.64411 -0.99676
0.64662 -0.99691
0.64912 -0.99705
0.65163 -0.99719
0.65414 -0.99733
0.65664 -0.99747
0.65915 -0.9976
0.66165 -0.99773
0.66416 -0.99786
0.66667 -0.99798
0.66917 -0.9981
0.67168 -0.99822
0.67419 -0.99833
0.67669 -0.99844
0.6792 -0.99855
0.6817 -0.99866
0.68421 -0.99876
0.68672 -0.99886
0.68922 -0.99896
0.69173 -0.99906
0.69424 -0.99915
0.69674 -0.99924
0.69925 -0.99933
0.70175 -0.99942
0.70426 -0.9995
0.70677 -0.99958
0.70927 -0.99966
0.71178 -0.99974
0.71429 -0.99982
0.71679 -0.99989
0.7193 -0.99996
0.7218 -1
0.72431 -1.0001
0.72682 -1.0002
0.72932 -1.0002
0.73183 -1.0003
0.73434 -1.0004
0.73684 -1.0004
0.73935 -1.0005
0.74185 -1.0005
0.74436 -1.0006
0.74687 -1.0006
0.74937 -1.0007
0.75188 -1.0007
0.75439 -1.0008
0.75689 -1.0008
0.7594 -1.0009
0.7619 -1.0009
0.76441 -1.001
0.76692 -1.001
0.76942 -1.001
0.77193 -1.0011
0.77444 -1.0011
0.77694 -1.0011
0.77945 -1.0012
0.78195 -1.0012
0.78446 -1.0012
0.78697 -1.0013
0.78947 -1.0013
0.79198 -1.0013
0.79449 -1.0014
0.79699 -1.0014
0.7995 -1.0014
0.80201 -1.0014
0.80451 -1.0015
0.80702 -1.0015
0.80952 -1.0015
0.81203 -1.0015
0.81454 -1.0015
0.81704 -1.0016
0.81955 -1.0016
0.82206 -1.0016
0.82456 -1.0016
0.82707 -1.0016
0.82957 -1.0016
0.83208 -1.0017
0.83459 -1.0017
0.83709 -1.0017
0.8396 -1.0017
0.84211 -1.0017
0.84461 -1.0017
0.84712 -1.0017
0.84962 -1.0017
0.85213 -1.0017
0.85464 -1.0017
0.85714 -1.0018
0.85965 -1.0018
0.86216 -1.0018
0.86466 -1.0018
0.86717 -1.0018
0.86967 -1.0018
0.87218 -1.0018
0.87469 -1.0018
0.87719 -1.0018
0.8797 -1.0018
0.88221 -1.0018
0.88471 -1.0018
0.88722 -1.0018
0.88972 -1.0018
0.89223 -1.0018
0.89474 -1.0018
0.89724 -1.0018
0.89975 -1.0018
0.90226 -1.0018
0.90476 -1.0018
0.90727 -1.0018
0.90977 -1.0018
0.91228 -1.0018
0.91479 -1.0018
0.91729 -1.0018
0.9198 -1.0018
0.92231 -1.0018
0.92481 -1.0018
0.92732 -1.0017
0.92982 -1.0017
0.93233 -1.0017
0.93484 -1.0017
0.93734 -1.0017
0.93985 -1.0017
0.94236 -1.0017
0.94486 -1.0017
0.94737 -1.0017
0.94987 -1.0017
0.95238 -1.0017
0.95489 -1.0017
0.95739 -1.0017
0.9599 -1.0017
0.96241 -1.0016
0.96491 -1.0016
0.96742 -1.0016
0.96992 -1.0016
0.97243 -1.0016
0.97494 -1.0016
0.97744 -1.0016
0.97995 -1.0016
0.98246 -1.0016
0.98496 -1.0016
0.98747 -1.0015
0.98997 -1.0015
0.99248 -1.0015
0.99499 -1.0015
0.99749 -1.0015
1 -1.0015
