0 -0.5401
0.0025063 -0.54307
0.0050125 -0.54597
0.0075188 -0.54884
0.010025 -0.55173
0.012531 -0.55465
0.015038 -0.55763
0.017544 -0.56068
0.02005 -0.56381
0.022556 -0.567
0.025063 -0.57027
0.027569 -0.5736
0.030075 -0.57699
0.032581 -0.58045
0.035088 -0.58395
0.037594 -0.58749
0.0401 -0.59108
0.042607 -0.59469
0.045113 -0.59832
0.047619 -0.60198
0.050125 -0.60564
0.052632 -0.60931
0.055138 -0.61299
0.057644 -0.61666
0.06015 -0.62031
0.062657 -0.62393
0.065163 -0.62753
0.067669 -0.65089
0.070175 -0.65545
0.072682 -0.65962
0.075188 -0.66353
0.077694 -0.66722
0.080201 -0.67075
0.082707 -0.67416
0.085213 -0.67759
0.087719 -0.68083
0.090226 -0.684
0.092732 -0.68713
0.095238 -0.69021
0.097744 -0.69325
0.10025 -0.69624
0.10276 -0.6992
0.10526 -0.70214
0.10777 -0.70506
0.11028 -0.70793
0.11278 -0.71077
0.11529 -0.71361
0.11779 -0.71643
0.1203 -0.71923
0.12281 -0.72201
0.12531 -0.72477
0.12782 -0.72753
0.13033 -0.73027
0.13283 -0.73297
0.13534 -0.73473
0.13784 -0.73887
0.14035 -0.74266
0.14286 -0.74615
0.14536 -0.74945
0.14787 -0.75256
0.15038 -0.75553
0.15288 -0.75837
0.15539 -0.76112
0.15789 -0.76378
0.1604 -0.76636
0.16291 -0.76888
0.16541 -0.77134
0.16792 -0.77375
0.17043 -0.77612
0.17293 -0.77843
0.17544 -0.78071
0.17794 -0.78296
0.18045 -0.7852
0.18296 -0.7874
0.18546 -0.78958
0.18797 -0.79172
0.19048 -0.79386
0.19298 -0.79599
0.19549 -0.7981
0.19799 -0.8002
0.2005 -0.80228
0.20301 -0.80435
0.20551 -0.80638
0.20802 -0.8084
0.21053 -0.81039
0.21303 -0.81237
0.21554 -0.81436
0.21805 -0.81632
0.22055 -0.81831
0.22306 -0.82031
0.22556 -0.82226
0.22807 -0.82419
0.23058 -0.82611
0.23308 -0.82556
0.23559 -0.82884
0.2381 -0.83178
0.2406 -0.83447
0.24311 -0.83698
0.24561 -0.83936
0.24812 -0.84163
0.25063 -0.84382
0.25313 -0.84594
0.25564 -0.84799
0.25815 -0.85
0.26065 -0.85197
0.26316 -0.8539
0.26566 -0.85579
0.26817 -0.85765
0.27068 -0.85948
0.27318 -0.86129
0.27569 -0.86307
0.2782 -0.86482
0.2807 -0.86656
0.28321 -0.86827
0.28571 -0.86997
0.28822 -0.87164
0.29073 -0.8733
0.29323 -0.87493
0.29574 -0.87655
0.29825 -0.87815
0.30075 -0.87975
0.30326 -0.88131
0.30576 -0.88287
0.30827 -0.88441
0.31078 -0.88595
0.31328 -0.88747
0.31579 -0.88897
0.3183 -0.89046
0.3208 -0.89195
0.32331 -0.89351
0.32581 -0.89487
0.32832 -0.89632
0.33083 -0.89784
0.33333 -0.89926
0.33584 -0.90067
0.33835 -0.90207
0.34085 -0.90346
0.34336 -0.90484
0.34586 -0.90621
0.34837 -0.90757
0.35088 -0.90891
0.35338 -0.91024
0.35589 -0.91157
0.3584 -0.91288
0.3609 -0.91418
0.36341 -0.91548
0.36591 -0.91676
0.36842 -0.91171
0.37093 -0.91384
0.37343 -0.91578
0.37594 -0.91759
0.37845 -0.91928
0.38095 -0.92088
0.38346 -0.92241
0.38596 -0.92388
0.38847 -0.92531
0.39098 -0.92669
0.39348 -0.92804
0.39599 -0.92936
0.3985 -0.93066
0.401 -0.93193
0.40351 -0.93319
0.40602 -0.93442
0.40852 -0.93564
0.41103 -0.93684
0.41353 -0.93803
0.41604 -0.9392
0.41855 -0.94036
0.42105 -0.94151
0.42356 -0.94264
0.42607 -0.94377
0.42857 -0.94488
0.43108 -0.94599
0.43358 -0.94698
0.43609 -0.94807
0.4386 -0.94915
0.4411 -0.95022
0.44361 -0.95128
0.44612 -0.95233
0.44862 -0.95337
0.45113 -0.9544
0.45363 -0.95543
0.45614 -0.95644
0.45865 -0.95745
0.46115 -0.95846
0.46366 -0.95945
0.46617 -0.96044
0.46867 -0.96142
0.47118 -0.96239
0.47368 -0.96335
0.47619 -0.9643
0.4787 -0.96525
0.4812 -0.96619
0.48371 -0.96712
0.48622 -0.96805
0.48872 -0.96897
0.49123 -0.96989
0.49373 -0.97088
0.49624 -0.97178
0.49875 -0.97268
0.50125 -0.97357
0.50376 -0.97446
0.50627 -0.97533
0.50877 -0.9762
0.51128 -0.97707
0.51378 -0.97793
0.51629 -0.97878
0.5188 -0.97963
0.5213 -0.98047
0.52381 -0.9813
0.52632 -0.98214
0.52882 -0.98296
0.53133 -0.98378
0.53383 -0.9846
0.53634 -0.98541
0.53885 -0.98621
0.54135 -0.98701
0.54386 -0.9878
0.54637 -0.98859
0.54887 -0.98937
0.55138 -0.99015
0.55388 -0.99092
0.55639 -0.99169
0.5589 -0.99245
0.5614 -0.99321
0.56391 -0.99396
0.56642 -0.99471
0.56892 -0.99545
0.57143 -0.99619
0.57393 -0.99697
0.57644 -0.9977
0.57895 -0.99843
0.58145 -0.99914
0.58396 -0.99986
0.58647 -1.0006
0.58897 -1.0013
0.59148 -1.002
0.59398 -1.0027
0.59649 -1.0034
0.599 -1.0041
0.6015 -1.0048
0.60401 -1.0055
0.60652 -1.0061
0.60902 -1.0068
0.61153 -1.0075
0.61404 -1.0081
0.61654 -1.0088
0.61905 -1.0094
0.62155 -1.0101
0.62406 -1.0107
0.62657 -1.0114
0.62907 -1.012
0.63158 -1.0126
0.63409 -1.0133
0.63659 -1.009
0.6391 -1.01
0.6416 -1.0109
0.64411 -1.0119
0.64662 -1.0127
0.64912 -1.0136
0.65163 -1.0144
0.65414 -1.0152
0.65664 -1.0159
0.65915 -1.0166
0.66165 -1.0174
0.66416 -1.018
0.66667 -1.0187
0.66917 -1.0194
0.67168 -1.02
0.67419 -1.0207
0.67669 -1.0213
0.6792 -1.0219
0.6817 -1.0225
0.68421 -1.0232
0.68672 -1.0237
0.68922 -1.0243
0.69173 -1.0249
0.69424 -1.0255
0.69674 -1.0261
0.69925 -1.0266
0.70175 -1.0272
0.70426 -1.0278
0.70677 -1.0283
0.70927 -1.0288
0.71178 -1.0294
0.71429 -1.0299
0.71679 -1.0304
0.7193 -1.031
0.7218 -1.0315
0.72431 -1.032
0.72682 -1.0325
0.72932 -1.033
0.73183 -1.0335
0.73434 -1.034
0.73684 -1.0345
0.73935 -1.035
0.74185 -1.0355
0.74436 -1.036
0.74687 -1.0365
0.74937 -1.037
0.75188 -1.0375
0.75439 -1.038
0.75689 -1.0381
0.7594 -1.0386
0.7619 -1.039
0.76441 -1.0395
0.76692 -1.04
0.76942 -1.0404
0.77193 -1.0409
0.77444 -1.0413
0.77694 -1.0418
0.77945 -1.0422
0.78195 -1.0426
0.78446 -1.0431
0.78697 -1.0435
0.78947 -1.0439
0.79198 -1.0444
0.79449 -1.0448
0.79699 -1.0452
0.7995 -1.0456
0.80201 -1.0461
0.80451 -1.0465
0.80702 -1.0469
0.80952 -1.0473
0.81203 -1.0477
0.81454 -1.0481
0.81704 -1.0485
0.81955 -1.0489
0.82206 -1.0493
0.82456 -1.0497
0.82707 -1.0501
0.82957 -1.0505
0.83208 -1.0508
0.83459 -1.0512
0.83709 -1.0516
0.8396 -1.052
0.84211 -1.0524
0.84461 -1.0527
0.84712 -1.0531
0.84962 -1.0535
0.85213 -1.0538
0.85464 -1.0542
0.85714 -1.0546
0.85965 -1.0549
0.86216 -1.0553
0.86466 -1.0556
0.86717 -1.056
0.86967 -1.0563
0.87218 -1.0567
0.87469 -1.057
0.87719 -1.0574
0.8797 -1.0573
0.88221 -1.0576
0.88471 -1.0579
0.88722 -1.0583
0.88972 -1.0586
0.89223 -1.0589
0.89474 -1.0593
0.89724 -1.0596
0.89975 -1.0599
0.90226 -1.0602
0.90476 -1.0605
0.90727 -1.0609
0.90977 -1.0612
0.91228 -1.0615
0.91479 -1.0618
0.91729 -1.0621
0.9198 -1.0624
0.92231 -1.0627
0.92481 -1.063
0.92732 -1.0633
0.92982 -1.0636
0.93233 -1.0639
0.93484 -1.0642
0.93734 -1.0645
0.93985 -1.0648
0.94236 -1.0651
0.94486 -1.0654
0.94737 -1.0657
0.94987 -1.0654
0.95238 -1.0657
0.95489 -1.066
0.95739 -1.0663
0.9599 -1.0665
0.96241 -1.0668
0.96491 -1.0671
0.96742 -1.0673
0.96992 -1.0676
0.97243 -1.0679
0.97494 -1.0682
0.97744 -1.0684
0.97995 -1.0687
0.98246 -1.069
0.98496 -1.0692
0.98747 -1.0695
0.98997 -1.0697
0.99248 -1.07
0.99499 -1.0703
0.99749 -1.0705
1 -1.0708
