0 -4.7065
0.0025063 -4.7362
0.0050125 -4.7653
0.0075188 -4.7943
0.010025 -4.8234
0.012531 -4.8531
0.015038 -4.8832
0.017544 -4.914
0.02005 -4.9454
0.022556 -4.9772
0.025063 -5.0099
0.027569 -5.0433
0.030075 -5.0772
0.032581 -5.1115
0.035088 -5.1462
0.037594 -5.1814
0.0401 -5.2167
0.042607 -5.2524
0.045113 -5.2881
0.047619 -5.4576
0.050125 -5.4977
0.052632 -5.5364
0.055138 -5.5732
0.057644 -5.6088
0.06015 -5.6424
0.062657 -5.6762
0.065163 -5.7096
0.067669 -5.7424
0.070175 -5.7746
0.072682 -5.8049
0.075188 -5.8364
0.077694 -5.8625
0.080201 -5.9064
0.082707 -5.9472
0.085213 -5.9855
0.087719 -6.0219
0.090226 -6.0567
0.092732 -6.0901
0.095238 -6.1225
0.097744 -6.1538
0.10025 -6.1843
0.10276 -6.214
0.10526 -6.2431
0.10777 -6.2713
0.11028 -6.2992
0.11278 -6.3263
0.11529 -6.3304
0.11779 -6.3713
0.1203 -6.4085
0.12281 -6.4428
0.12531 -6.4749
0.12782 -6.5057
0.13033 -6.5348
0.13283 -6.5628
0.13534 -6.5896
0.13784 -6.6166
0.14035 -6.6423
0.14286 -6.6682
0.14536 -6.6927
0.14787 -6.7167
0.15038 -6.717
0.15288 -6.7552
0.15539 -6.7895
0.15789 -6.821
0.1604 -6.8504
0.16291 -6.8781
0.16541 -6.9044
0.16792 -6.9297
0.17043 -6.9544
0.17293 -6.9767
0.17544 -6.9994
0.17794 -7.022
0.18045 -7.0441
0.18296 -7.0659
0.18546 -7.0875
0.18797 -7.1083
0.19048 -7.1295
0.19298 -7.1513
0.19549 -7.1716
0.19799 -7.1916
0.2005 -7.2113
0.20301 -7.231
0.20551 -7.2503
0.20802 -7.2715
0.21053 -7.2906
0.21303 -7.3095
0.21554 -7.3283
0.21805 -7.3469
0.22055 -7.3657
0.22306 -7.3519
0.22556 -7.3854
0.22807 -7.4141
0.23058 -7.4407
0.23308 -7.4651
0.23559 -7.4881
0.2381 -7.5099
0.2406 -7.5308
0.24311 -7.551
0.24561 -7.5706
0.24812 -7.5897
0.25063 -7.6084
0.25313 -7.6266
0.25564 -7.6445
0.25815 -7.6622
0.26065 -7.6795
0.26316 -7.6965
0.26566 -7.7138
0.26817 -7.7303
0.27068 -7.7466
0.27318 -7.7626
0.27569 -7.7784
0.2782 -7.7941
0.2807 -7.8096
0.28321 -7.8249
0.28571 -7.8401
0.28822 -7.855
0.29073 -7.8699
0.29323 -7.8845
0.29574 -7.8989
0.29825 -7.9132
0.30075 -7.9275
0.30326 -7.9416
0.30576 -7.9555
0.30827 -7.9693
0.31078 -7.9829
0.31328 -7.9662
0.31579 -7.988
0.3183 -8.0077
0.3208 -8.0258
0.32331 -8.0427
0.32581 -8.0588
0.32832 -8.0742
0.33083 -8.0889
0.33333 -8.1031
0.33584 -8.1169
0.33835 -8.1303
0.34085 -8.1434
0.34336 -8.1564
0.34586 -8.1691
0.34837 -8.1816
0.35088 -8.1939
0.35338 -8.2061
0.35589 -8.2181
0.3584 -8.23
0.3609 -8.2417
0.36341 -8.2532
0.36591 -8.2646
0.36842 -8.2757
0.37093 -8.2866
0.37343 -8.2976
0.37594 -8.3085
0.37845 -8.3191
0.38095 -8.3299
0.38346 -8.3406
0.38596 -8.3514
0.38847 -8.3621
0.39098 -8.3717
0.39348 -8.382
0.39599 -8.3922
0.3985 -8.4027
0.401 -8.4129
0.40351 -8.4229
0.40602 -8.4328
0.40852 -8.4425
0.41103 -8.4517
0.41353 -8.4613
0.41604 -8.4708
0.41855 -8.4802
0.42105 -8.4896
0.42356 -8.4989
0.42607 -8.5081
0.42857 -8.5173
0.43108 -8.5264
0.43358 -8.535
0.43609 -8.5439
0.4386 -8.5528
0.4411 -8.5616
0.44361 -8.5704
0.44612 -8.5791
0.44862 -8.5873
0.45113 -8.596
0.45363 -8.6045
0.45614 -8.613
0.45865 -8.6213
0.46115 -8.6297
0.46366 -8.638
0.46617 -8.6461
0.46867 -8.6542
0.47118 -8.6623
0.47368 -8.6704
0.47619 -8.6783
0.4787 -8.6862
0.4812 -8.6942
0.48371 -8.6683
0.48622 -8.6809
0.48872 -8.6926
0.49123 -8.7037
0.49373 -8.7141
0.49624 -8.724
0.49875 -8.7335
0.50125 -8.7427
0.50376 -8.7516
0.50627 -8.7603
0.50877 -8.7687
0.51128 -8.777
0.51378 -8.7851
0.51629 -8.793
0.5188 -8.8009
0.5213 -8.8086
0.52381 -8.8162
0.52632 -8.8237
0.52882 -8.8311
0.53133 -8.8385
0.53383 -8.8457
0.53634 -8.8529
0.53885 -8.8599
0.54135 -8.867
0.54386 -8.8739
0.54637 -8.8808
0.54887 -8.8876
0.55138 -8.8943
0.55388 -8.9009
0.55639 -8.9075
0.5589 -8.9141
0.5614 -8.9204
0.56391 -8.9268
0.56642 -8.9331
0.56892 -8.9393
0.57143 -8.9456
0.57393 -8.9518
0.57644 -8.9579
0.57895 -8.964
0.58145 -8.9701
0.58396 -8.9761
0.58647 -8.982
0.58897 -8.9879
0.59148 -8.9938
0.59398 -8.9997
0.59649 -9.0054
0.599 -9.0112
0.6015 -9.0169
0.60401 -9.0225
0.60652 -9.0283
0.60902 -9.0339
0.61153 -9.0395
0.61404 -9.0449
0.61654 -9.0503
0.61905 -9.0557
0.62155 -9.061
0.62406 -9.0662
0.62657 -9.0715
0.62907 -9.0772
0.63158 -9.0824
0.63409 -9.0875
0.63659 -9.0926
0.6391 -9.0977
0.6416 -9.1027
0.64411 -9.1082
0.64662 -9.1131
0.64912 -9.118
0.65163 -9.123
0.65414 -9.1278
0.65664 -9.1325
0.65915 -9.1372
0.66165 -9.1419
0.66416 -9.1469
0.66667 -9.1517
0.66917 -9.1562
0.67168 -9.1612
0.67419 -9.1658
0.67669 -9.1707
0.6792 -9.1753
0.6817 -9.1798
0.68421 -9.1843
0.68672 -9.1888
0.68922 -9.1941
0.69173 -9.1985
0.69424 -9.2029
0.69674 -9.2073
0.69925 -9.2117
0.70175 -9.216
0.70426 -9.2203
0.70677 -9.2246
0.70927 -9.2289
0.71178 -9.2331
0.71429 -9.2373
0.71679 -9.2415
0.7193 -9.2456
0.7218 -9.2497
0.72431 -9.2538
0.72682 -9.2579
0.72932 -9.2619
0.73183 -9.266
0.73434 -9.27
0.73684 -9.274
0.73935 -9.2779
0.74185 -9.2818
0.74436 -9.2857
0.74687 -9.2896
0.74937 -9.2934
0.75188 -9.2973
0.75439 -9.301
0.75689 -9.3048
0.7594 -9.3085
0.7619 -9.3123
0.76441 -9.316
0.76692 -9.3196
0.76942 -9.3233
0.77193 -9.3269
0.77444 -9.3305
0.77694 -9.3341
0.77945 -9.3376
0.78195 -9.3411
0.78446 -9.3446
0.78697 -9.3481
0.78947 -9.3516
0.79198 -9.355
0.79449 -9.3584
0.79699 -9.3618
0.7995 -9.3652
0.80201 -9.3685
0.80451 -9.3718
0.80702 -9.3751
0.80952 -9.3784
0.81203 -9.3816
0.81454 -9.3849
0.81704 -9.3881
0.81955 -9.3912
0.82206 -9.3944
0.82456 -9.3975
0.82707 -9.4007
0.82957 -9.4038
0.83208 -9.4068
0.83459 -9.4099
0.83709 -9.413
0.8396 -9.416
0.84211 -9.419
0.84461 -9.422
0.84712 -9.425
0.84962 -9.4286
0.85213 -9.4315
0.85464 -9.3845
0.85714 -9.3899
0.85965 -9.3949
0.86216 -9.3997
0.86466 -9.4042
0.86717 -9.4086
0.86967 -9.4128
0.87218 -9.4168
0.87469 -9.4207
0.87719 -9.4245
0.8797 -9.4281
0.88221 -9.4317
0.88471 -9.4351
0.88722 -9.4385
0.88972 -9.4435
0.89223 -9.4467
0.89474 -9.4499
0.89724 -9.453
0.89975 -9.456
0.90226 -9.459
0.90476 -9.4619
0.90727 -9.4648
0.90977 -9.4676
0.91228 -9.4705
0.91479 -9.4733
0.91729 -9.4761
0.9198 -9.4787
0.92231 -9.4814
0.92481 -9.4863
0.92732 -9.489
0.92982 -9.4917
0.93233 -9.4943
0.93484 -9.4968
0.93734 -9.4994
0.93985 -9.5019
0.94236 -9.5044
0.94486 -9.5069
0.94737 -9.5093
0.94987 -9.5118
0.95238 -9.5142
0.95489 -9.5166
0.95739 -9.519
0.9599 -9.5213
0.96241 -9.5237
0.96491 -9.526
0.96742 -9.5283
0.96992 -9.5306
0.97243 -9.5328
0.97494 -9.535
0.97744 -9.5373
0.97995 -9.5395
0.98246 -9.5416
0.98496 -9.5437
0.98747 -9.5459
0.98997 -9.5481
0.99248 -9.5501
0.99499 -9.5548
0.99749 -9.5569
1 -9.559
