0 -0.44568
0.0025063 -0.44847
0.0050125 -0.45121
0.0075188 -0.45395
0.010025 -0.4567
0.012531 -0.45948
0.015038 -0.46232
0.017544 -0.46521
0.02005 -0.46817
0.022556 -0.47119
0.025063 -0.47428
0.027569 -0.47743
0.030075 -0.48063
0.032581 -0.4839
0.035088 -0.48721
0.037594 -0.49056
0.0401 -0.49396
0.042607 -0.49739
0.045113 -0.50084
0.047619 -0.50432
0.050125 -0.50782
0.052632 -0.51134
0.055138 -0.51486
0.057644 -0.51838
0.06015 -0.52191
0.062657 -0.52543
0.065163 -0.52895
0.067669 -0.53246
0.070175 -0.53595
0.072682 -0.53943
0.075188 -0.5429
0.077694 -0.54634
0.080201 -0.54976
0.082707 -0.55315
0.085213 -0.55652
0.087719 -0.55987
0.090226 -0.56318
0.092732 -0.56647
0.095238 -0.56973
0.097744 -0.57296
0.10025 -0.59941
0.10276 -0.60258
0.10526 -0.60564
0.10777 -0.6086
0.11028 -0.61148
0.11278 -0.61429
0.11529 -0.61705
0.11779 -0.61976
0.1203 -0.62243
0.12281 -0.62507
0.12531 -0.62768
0.12782 -0.63026
0.13033 -0.63282
0.13283 -0.63536
0.13534 -0.63788
0.13784 -0.64038
0.14035 -0.64287
0.14286 -0.64534
0.14536 -0.64779
0.14787 -0.65023
0.15038 -0.65265
0.15288 -0.65506
0.15539 -0.65745
0.15789 -0.65983
0.1604 -0.66219
0.16291 -0.66453
0.16541 -0.66687
0.16792 -0.66918
0.17043 -0.67148
0.17293 -0.67376
0.17544 -0.67603
0.17794 -0.67828
0.18045 -0.68051
0.18296 -0.68273
0.18546 -0.68494
0.18797 -0.68713
0.19048 -0.6893
0.19298 -0.69146
0.19549 -0.6936
0.19799 -0.69573
0.2005 -0.69784
0.20301 -0.69994
0.20551 -0.70202
0.20802 -0.70409
0.21053 -0.70614
0.21303 -0.70818
0.21554 -0.71021
0.21805 -0.71222
0.22055 -0.71421
0.22306 -0.71619
0.22556 -0.71816
0.22807 -0.72012
0.23058 -0.72206
0.23308 -0.72399
0.23559 -0.7259
0.2381 -0.72781
0.2406 -0.7297
0.24311 -0.73157
0.24561 -0.73344
0.24812 -0.73528
0.25063 -0.73712
0.25313 -0.73895
0.25564 -0.74076
0.25815 -0.74256
0.26065 -0.74792
0.26316 -0.75057
0.26566 -0.75309
0.26817 -0.75549
0.27068 -0.75779
0.27318 -0.76
0.27569 -0.76213
0.2782 -0.76419
0.2807 -0.76619
0.28321 -0.76813
0.28571 -0.77002
0.28822 -0.77187
0.29073 -0.77367
0.29323 -0.77544
0.29574 -0.77718
0.29825 -0.77889
0.30075 -0.78057
0.30326 -0.78223
0.30576 -0.78386
0.30827 -0.78548
0.31078 -0.78707
0.31328 -0.78865
0.31579 -0.79021
0.3183 -0.79175
0.3208 -0.79328
0.32331 -0.7948
0.32581 -0.7963
0.32832 -0.7978
0.33083 -0.79928
0.33333 -0.80074
0.33584 -0.8022
0.33835 -0.80365
0.34085 -0.80508
0.34336 -0.80651
0.34586 -0.80792
0.34837 -0.80933
0.35088 -0.81073
0.35338 -0.81211
0.35589 -0.81349
0.3584 -0.81486
0.3609 -0.81622
0.36341 -0.81758
0.36591 -0.81892
0.36842 -0.82026
0.37093 -0.82159
0.37343 -0.82291
0.37594 -0.82423
0.37845 -0.82553
0.38095 -0.82683
0.38346 -0.82812
0.38596 -0.8294
0.38847 -0.83068
0.39098 -0.83194
0.39348 -0.83321
0.39599 -0.83446
0.3985 -0.83571
0.401 -0.83695
0.40351 -0.83818
0.40602 -0.83941
0.40852 -0.84063
0.41103 -0.84184
0.41353 -0.84303
0.41604 -0.84423
0.41855 -0.84542
0.42105 -0.8466
0.42356 -0.84778
0.42607 -0.84895
0.42857 -0.85011
0.43108 -0.85127
0.43358 -0.85242
0.43609 -0.85356
0.4386 -0.85469
0.4411 -0.85581
0.44361 -0.85693
0.44612 -0.85805
0.44862 -0.85916
0.45113 -0.86026
0.45363 -0.86135
0.45614 -0.86244
0.45865 -0.86353
0.46115 -0.8646
0.46366 -0.86566
0.46617 -0.86673
0.46867 -0.86778
0.47118 -0.86883
0.47368 -0.86988
0.47619 -0.87091
0.4787 -0.87194
0.4812 -0.87297
0.48371 -0.87399
0.48622 -0.875
0.48872 -0.876
0.49123 -0.877
0.49373 -0.878
0.49624 -0.87898
0.49875 -0.87997
0.50125 -0.88094
0.50376 -0.8819
0.50627 -0.88287
0.50877 -0.88382
0.51128 -0.88478
0.51378 -0.88572
0.51629 -0.88666
0.5188 -0.8876
0.5213 -0.88852
0.52381 -0.88945
0.52632 -0.89036
0.52882 -0.89127
0.53133 -0.89218
0.53383 -0.89308
0.53634 -0.89397
0.53885 -0.89486
0.54135 -0.89574
0.54386 -0.89662
0.54637 -0.89749
0.54887 -0.89836
0.55138 -0.89922
0.55388 -0.90008
0.55639 -0.90093
0.5589 -0.90177
0.5614 -0.90261
0.56391 -0.90345
0.56642 -0.90428
0.56892 -0.9051
0.57143 -0.90592
0.57393 -0.90673
0.57644 -0.90754
0.57895 -0.90835
0.58145 -0.90914
0.58396 -0.90994
0.58647 -0.91073
0.58897 -0.91151
0.59148 -0.91229
0.59398 -0.90988
0.59649 -0.91119
0.599 -0.91243
0.6015 -0.91361
0.60401 -0.91473
0.60652 -0.91581
0.60902 -0.91685
0.61153 -0.91785
0.61404 -0.91881
0.61654 -0.91975
0.61905 -0.92067
0.62155 -0.92155
0.62406 -0.92242
0.62657 -0.92327
0.62907 -0.92409
0.63158 -0.92491
0.63409 -0.9257
0.63659 -0.92649
0.6391 -0.92726
0.6416 -0.92802
0.64411 -0.92877
0.64662 -0.9295
0.64912 -0.93023
0.65163 -0.93095
0.65414 -0.93166
0.65664 -0.93236
0.65915 -0.93306
0.66165 -0.93374
0.66416 -0.93443
0.66667 -0.9351
0.66917 -0.93577
0.67168 -0.93643
0.67419 -0.93708
0.67669 -0.93773
0.6792 -0.93837
0.6817 -0.93901
0.68421 -0.93964
0.68672 -0.94027
0.68922 -0.94089
0.69173 -0.94151
0.69424 -0.94212
0.69674 -0.94273
0.69925 -0.94333
0.70175 -0.94393
0.70426 -0.94452
0.70677 -0.94511
0.70927 -0.9457
0.71178 -0.94628
0.71429 -0.94685
0.71679 -0.94743
0.7193 -0.948
0.7218 -0.94856
0.72431 -0.94912
0.72682 -0.94968
0.72932 -0.95024
0.73183 -0.95079
0.73434 -0.95133
0.73684 -0.95187
0.73935 -0.95241
0.74185 -0.95295
0.74436 -0.95348
0.74687 -0.95401
0.74937 -0.95453
0.75188 -0.95505
0.75439 -0.95557
0.75689 -0.95609
0.7594 -0.9566
0.7619 -0.95711
0.76441 -0.95761
0.76692 -0.95811
0.76942 -0.95861
0.77193 -0.9591
0.77444 -0.9596
0.77694 -0.96008
0.77945 -0.96057
0.78195 -0.96105
0.78446 -0.96153
0.78697 -0.96201
0.78947 -0.96248
0.79198 -0.96295
0.79449 -0.96342
0.79699 -0.96388
0.7995 -0.96434
0.80201 -0.9648
0.80451 -0.96525
0.80702 -0.96571
0.80952 -0.96616
0.81203 -0.9666
0.81454 -0.96705
0.81704 -0.96749
0.81955 -0.96793
0.82206 -0.96836
0.82456 -0.96879
0.82707 -0.96922
0.82957 -0.96965
0.83208 -0.97008
0.83459 -0.9705
0.83709 -0.97092
0.8396 -0.97133
0.84211 -0.97175
0.84461 -0.97216
0.84712 -0.97257
0.84962 -0.97297
0.85213 -0.97337
0.85464 -0.97378
0.85714 -0.97417
0.85965 -0.97457
0.86216 -0.97496
0.86466 -0.97535
0.86717 -0.97573
0.86967 -0.97612
0.87218 -0.9765
0.87469 -0.97688
0.87719 -0.97726
0.8797 -0.97764
0.88221 -0.97801
0.88471 -0.97838
0.88722 -0.97875
0.88972 -0.97912
0.89223 -0.97948
0.89474 -0.97984
0.89724 -0.9802
0.89975 -0.98056
0.90226 -0.98091
0.90476 -0.98126
0.90727 -0.98162
0.90977 -0.98196
0.91228 -0.98231
0.91479 -0.98265
0.91729 -0.98299
0.9198 -0.98333
0.92231 -0.98367
0.92481 -0.984
0.92732 -0.98434
0.92982 -0.98467
0.93233 -0.985
0.93484 -0.98532
0.93734 -0.98565
0.93985 -0.98597
0.94236 -0.98629
0.94486 -0.98661
0.94737 -0.98692
0.94987 -0.98724
0.95238 -0.98755
0.95489 -0.98786
0.95739 -0.98816
0.9599 -0.98847
0.96241 -0.98877
0.96491 -0.98907
0.96742 -0.98937
0.96992 -0.98967
0.97243 -0.98997
0.97494 -0.99026
0.97744 -0.99055
0.97995 -0.99084
0.98246 -0.99113
0.98496 -0.99142
0.98747 -0.9917
0.98997 -0.99198
0.99248 -0.99226
0.99499 -0.99254
0.99749 -0.99282
1 -0.9931
