0 -0.54208
0.0025063 -0.54498
0.0050125 -0.54781
0.0075188 -0.5506
0.010025 -0.55344
0.012531 -0.55629
0.015038 -0.55919
0.017544 -0.56218
0.02005 -0.56525
0.022556 -0.56837
0.025063 -0.57159
0.027569 -0.57487
0.030075 -0.57819
0.032581 -0.58161
0.035088 -0.58503
0.037594 -0.5885
0.0401 -0.59203
0.042607 -0.59556
0.045113 -0.59914
0.047619 -0.6027
0.050125 -0.60631
0.052632 -0.6099
0.055138 -0.61352
0.057644 -0.61709
0.06015 -0.62066
0.062657 -0.62421
0.065163 -0.62782
0.067669 -0.6438
0.070175 -0.64838
0.072682 -0.65261
0.075188 -0.65661
0.077694 -0.6604
0.080201 -0.66406
0.082707 -0.66759
0.085213 -0.67107
0.087719 -0.6744
0.090226 -0.67773
0.092732 -0.68095
0.095238 -0.68412
0.097744 -0.68727
0.10025 -0.69034
0.10276 -0.69337
0.10526 -0.69638
0.10777 -0.69935
0.11028 -0.70235
0.11278 -0.70527
0.11529 -0.70814
0.11779 -0.71115
0.1203 -0.71396
0.12281 -0.71671
0.12531 -0.71755
0.12782 -0.72195
0.13033 -0.72601
0.13283 -0.72974
0.13534 -0.73321
0.13784 -0.73647
0.14035 -0.73957
0.14286 -0.74252
0.14536 -0.74535
0.14787 -0.74807
0.15038 -0.7507
0.15288 -0.75325
0.15539 -0.75574
0.15789 -0.75816
0.1604 -0.76052
0.16291 -0.76293
0.16541 -0.76521
0.16792 -0.76745
0.17043 -0.76965
0.17293 -0.77183
0.17544 -0.77398
0.17794 -0.77611
0.18045 -0.77829
0.18296 -0.78037
0.18546 -0.78243
0.18797 -0.78448
0.19048 -0.78655
0.19298 -0.78856
0.19549 -0.7906
0.19799 -0.79259
0.2005 -0.7946
0.20301 -0.79665
0.20551 -0.7986
0.20802 -0.80054
0.21053 -0.80253
0.21303 -0.80445
0.21554 -0.80636
0.21805 -0.80826
0.22055 -0.81015
0.22306 -0.81205
0.22556 -0.81393
0.22807 -0.81581
0.23058 -0.81515
0.23308 -0.81832
0.23559 -0.82125
0.2381 -0.82388
0.2406 -0.82634
0.24311 -0.82865
0.24561 -0.83086
0.24812 -0.83298
0.25063 -0.83503
0.25313 -0.83708
0.25564 -0.83901
0.25815 -0.8409
0.26065 -0.84275
0.26316 -0.84457
0.26566 -0.84636
0.26817 -0.84818
0.27068 -0.84991
0.27318 -0.85162
0.27569 -0.85331
0.2782 -0.85497
0.2807 -0.85661
0.28321 -0.85827
0.28571 -0.85987
0.28822 -0.86152
0.29073 -0.86309
0.29323 -0.86464
0.29574 -0.86617
0.29825 -0.8678
0.30075 -0.86929
0.30326 -0.87077
0.30576 -0.87224
0.30827 -0.87369
0.31078 -0.87512
0.31328 -0.87664
0.31579 -0.87804
0.3183 -0.87942
0.3208 -0.8808
0.32331 -0.88222
0.32581 -0.88364
0.32832 -0.88499
0.33083 -0.88634
0.33333 -0.88767
0.33584 -0.889
0.33835 -0.89032
0.34085 -0.89168
0.34336 -0.89296
0.34586 -0.89423
0.34837 -0.89548
0.35088 -0.89672
0.35338 -0.89795
0.35589 -0.89916
0.3584 -0.90044
0.3609 -0.90163
0.36341 -0.90283
0.36591 -0.90402
0.36842 -0.90517
0.37093 -0.90633
0.37343 -0.90749
0.37594 -0.90868
0.37845 -0.90981
0.38095 -0.91093
0.38346 -0.91204
0.38596 -0.9132
0.38847 -0.9143
0.39098 -0.91539
0.39348 -0.91647
0.39599 -0.91273
0.3985 -0.91464
0.401 -0.91636
0.40351 -0.91793
0.40602 -0.91938
0.40852 -0.92075
0.41103 -0.92206
0.41353 -0.92331
0.41604 -0.92451
0.41855 -0.92568
0.42105 -0.92681
0.42356 -0.92792
0.42607 -0.92902
0.42857 -0.93009
0.43108 -0.93113
0.43358 -0.93217
0.43609 -0.93318
0.4386 -0.93419
0.4411 -0.93518
0.44361 -0.93617
0.44612 -0.93714
0.44862 -0.9381
0.45113 -0.93904
0.45363 -0.93998
0.45614 -0.94091
0.45865 -0.94183
0.46115 -0.94274
0.46366 -0.94365
0.46617 -0.94454
0.46867 -0.94543
0.47118 -0.94631
0.47368 -0.94718
0.47619 -0.94806
0.4787 -0.94892
0.4812 -0.94977
0.48371 -0.95061
0.48622 -0.95144
0.48872 -0.95227
0.49123 -0.9531
0.49373 -0.95391
0.49624 -0.95472
0.49875 -0.95552
0.50125 -0.95632
0.50376 -0.95711
0.50627 -0.95789
0.50877 -0.95867
0.51128 -0.95944
0.51378 -0.9602
0.51629 -0.96096
0.5188 -0.96172
0.5213 -0.96246
0.52381 -0.96321
0.52632 -0.96394
0.52882 -0.96467
0.53133 -0.9654
0.53383 -0.96611
0.53634 -0.96683
0.53885 -0.96754
0.54135 -0.96824
0.54386 -0.96894
0.54637 -0.96963
0.54887 -0.97032
0.55138 -0.97101
0.55388 -0.97169
0.55639 -0.97237
0.5589 -0.97305
0.5614 -0.97374
0.56391 -0.9744
0.56642 -0.97505
0.56892 -0.9757
0.57143 -0.97634
0.57393 -0.97698
0.57644 -0.97764
0.57895 -0.97827
0.58145 -0.97889
0.58396 -0.97951
0.58647 -0.98012
0.58897 -0.98073
0.59148 -0.98134
0.59398 -0.98194
0.59649 -0.98253
0.599 -0.98315
0.6015 -0.98374
0.60401 -0.98432
0.60652 -0.9849
0.60902 -0.98547
0.61153 -0.98604
0.61404 -0.9866
0.61654 -0.98716
0.61905 -0.98772
0.62155 -0.98827
0.62406 -0.98884
0.62657 -0.98939
0.62907 -0.98993
0.63158 -0.99046
0.63409 -0.99099
0.63659 -0.99152
0.6391 -0.99205
0.6416 -0.99257
0.64411 -0.99308
0.64662 -0.9936
0.64912 -0.9941
0.65163 -0.99464
0.65414 -0.99514
0.65664 -0.99563
0.65915 -0.99613
0.66165 -0.99662
0.66416 -0.9971
0.66667 -0.99759
0.66917 -0.99807
0.67168 -0.99854
0.67419 -0.99901
0.67669 -0.99948
0.6792 -0.99994
0.6817 -1.0004
0.68421 -1.0009
0.68672 -1.0013
0.68922 -1.0018
0.69173 -1.0022
0.69424 -1.0027
0.69674 -1.0031
0.69925 -1.0036
0.70175 -1.004
0.70426 -1.0044
0.70677 -1.0049
0.70927 -1.0053
0.71178 -1.0057
0.71429 -1.0061
0.71679 -1.0065
0.7193 -1.007
0.7218 -1.0074
0.72431 -1.0078
0.72682 -1.0082
0.72932 -1.0086
0.73183 -1.009
0.73434 -1.0094
0.73684 -1.0098
0.73935 -1.0102
0.74185 -1.0106
0.74436 -1.0109
0.74687 -1.0113
0.74937 -1.0117
0.75188 -1.0121
0.75439 -1.0124
0.75689 -1.0128
0.7594 -1.0132
0.7619 -1.0135
0.76441 -1.0139
0.76692 -1.0143
0.76942 -1.0146
0.77193 -1.015
0.77444 -1.0153
0.77694 -1.0157
0.77945 -1.016
0.78195 -1.0164
0.78446 -1.0167
0.78697 -1.017
0.78947 -1.0174
0.79198 -1.0177
0.79449 -1.018
0.79699 -1.0184
0.7995 -1.0187
0.80201 -1.019
0.80451 -1.0193
0.80702 -1.0196
0.80952 -1.0199
0.81203 -1.0203
0.81454 -1.0206
0.81704 -1.0209
0.81955 -1.0212
0.82206 -1.0215
0.82456 -1.0218
0.82707 -1.0221
0.82957 -1.0224
0.83208 -1.0227
0.83459 -1.023
0.83709 -1.0232
0.8396 -1.0235
0.84211 -1.0238
0.84461 -1.0241
0.84712 -1.0244
0.84962 -1.0246
0.85213 -1.0249
0.85464 -1.0252
0.85714 -1.0215
0.85965 -1.0221
0.86216 -1.0226
0.86466 -1.0231
0.86717 -1.0235
0.86967 -1.024
0.87218 -1.0244
0.87469 -1.0248
0.87719 -1.0252
0.8797 -1.0256
0.88221 -1.026
0.88471 -1.0263
0.88722 -1.0266
0.88972 -1.027
0.89223 -1.0273
0.89474 -1.0276
0.89724 -1.0279
0.89975 -1.0282
0.90226 -1.0285
0.90476 -1.0287
0.90727 -1.029
0.90977 -1.0293
0.91228 -1.0296
0.91479 -1.0298
0.91729 -1.0301
0.9198 -1.0303
0.92231 -1.0306
0.92481 -1.0308
0.92732 -1.0311
0.92982 -1.0313
0.93233 -1.0315
0.93484 -1.0317
0.93734 -1.032
0.93985 -1.0322
0.94236 -1.0324
0.94486 -1.0326
0.94737 -1.0329
0.94987 -1.0331
0.95238 -1.0333
0.95489 -1.0335
0.95739 -1.0337
0.9599 -1.0339
0.96241 -1.0342
0.96491 -1.0344
0.96742 -1.0346
0.96992 -1.0347
0.97243 -1.0349
0.97494 -1.0351
0.97744 -1.0353
0.97995 -1.0355
0.98246 -1.0357
0.98496 -1.0359
0.98747 -1.036
0.98997 -1.0362
0.99248 -1.0364
0.99499 -1.0366
0.99749 -1.0367
1 -1.0369
