0 -0.52746
0.0025063 -0.53075
0.0050125 -0.53397
0.0075188 -0.53718
0.010025 -0.5404
0.012531 -0.54368
0.015038 -0.54695
0.017544 -0.55036
0.02005 -0.5538
0.022556 -0.55734
0.025063 -0.56093
0.027569 -0.56458
0.030075 -0.56831
0.032581 -0.57207
0.035088 -0.57589
0.037594 -0.57977
0.0401 -0.58368
0.042607 -0.58761
0.045113 -0.59156
0.047619 -0.59552
0.050125 -0.61237
0.052632 -0.61713
0.055138 -0.62156
0.057644 -0.62578
0.06015 -0.62984
0.062657 -0.63377
0.065163 -0.6376
0.067669 -0.64135
0.070175 -0.64503
0.072682 -0.64864
0.075188 -0.6522
0.077694 -0.65571
0.080201 -0.65916
0.082707 -0.66248
0.085213 -0.66734
0.087719 -0.67179
0.090226 -0.67594
0.092732 -0.67987
0.095238 -0.68362
0.097744 -0.68722
0.10025 -0.69076
0.10276 -0.69414
0.10526 -0.69743
0.10777 -0.69582
0.11028 -0.70074
0.11278 -0.70516
0.11529 -0.70924
0.11779 -0.71301
0.1203 -0.71657
0.12281 -0.71995
0.12531 -0.72318
0.12782 -0.72632
0.13033 -0.72933
0.13283 -0.73225
0.13534 -0.7351
0.13784 -0.73786
0.14035 -0.74058
0.14286 -0.74325
0.14536 -0.74589
0.14787 -0.74515
0.15038 -0.74933
0.15288 -0.75315
0.15539 -0.75665
0.15789 -0.75982
0.1604 -0.76289
0.16291 -0.76582
0.16541 -0.76864
0.16792 -0.77136
0.17043 -0.77401
0.17293 -0.77667
0.17544 -0.77917
0.17794 -0.78164
0.18045 -0.78405
0.18296 -0.78653
0.18546 -0.78886
0.18797 -0.79116
0.19048 -0.79351
0.19298 -0.79576
0.19549 -0.79798
0.19799 -0.80017
0.2005 -0.80239
0.20301 -0.80453
0.20551 -0.8067
0.20802 -0.8088
0.21053 -0.81095
0.21303 -0.81301
0.21554 -0.81513
0.21805 -0.81715
0.22055 -0.81921
0.22306 -0.8212
0.22556 -0.82319
0.22807 -0.82516
0.23058 -0.8271
0.23308 -0.82904
0.23559 -0.83096
0.2381 -0.83286
0.2406 -0.83475
0.24311 -0.833
0.24561 -0.83623
0.24812 -0.8391
0.25063 -0.8417
0.25313 -0.84411
0.25564 -0.84638
0.25815 -0.84854
0.26065 -0.85064
0.26316 -0.85264
0.26566 -0.85458
0.26817 -0.85648
0.27068 -0.85833
0.27318 -0.86014
0.27569 -0.86192
0.2782 -0.86366
0.2807 -0.86539
0.28321 -0.86708
0.28571 -0.86874
0.28822 -0.87037
0.29073 -0.872
0.29323 -0.87359
0.29574 -0.87516
0.29825 -0.87673
0.30075 -0.87826
0.30326 -0.87979
0.30576 -0.88128
0.30827 -0.88279
0.31078 -0.88425
0.31328 -0.88569
0.31579 -0.88716
0.3183 -0.88857
0.3208 -0.88996
0.32331 -0.89134
0.32581 -0.89275
0.32832 -0.8941
0.33083 -0.89543
0.33333 -0.89675
0.33584 -0.89806
0.33835 -0.8994
0.34085 -0.90069
0.34336 -0.90196
0.34586 -0.90321
0.34837 -0.90446
0.35088 -0.9057
0.35338 -0.90695
0.35589 -0.90817
0.3584 -0.90937
0.3609 -0.91056
0.36341 -0.91179
0.36591 -0.91296
0.36842 -0.91412
0.37093 -0.91526
0.37343 -0.91646
0.37594 -0.91759
0.37845 -0.91871
0.38095 -0.91981
0.38346 -0.92091
0.38596 -0.922
0.38847 -0.92315
0.39098 -0.92422
0.39348 -0.92056
0.39599 -0.92233
0.3985 -0.92393
0.401 -0.92541
0.40351 -0.92679
0.40602 -0.92809
0.40852 -0.92934
0.41103 -0.93054
0.41353 -0.93171
0.41604 -0.93289
0.41855 -0.93399
0.42105 -0.93507
0.42356 -0.93613
0.42607 -0.93717
0.42857 -0.9382
0.43108 -0.9392
0.43358 -0.9402
0.43609 -0.94118
0.4386 -0.94214
0.4411 -0.9431
0.44361 -0.94409
0.44612 -0.94502
0.44862 -0.94595
0.45113 -0.94686
0.45363 -0.94777
0.45614 -0.94866
0.45865 -0.9496
0.46115 -0.95048
0.46366 -0.95135
0.46617 -0.95222
0.46867 -0.95313
0.47118 -0.95398
0.47368 -0.95482
0.47619 -0.95566
0.4787 -0.95648
0.4812 -0.95736
0.48371 -0.95817
0.48622 -0.95898
0.48872 -0.95987
0.49123 -0.96066
0.49373 -0.96144
0.49624 -0.96222
0.49875 -0.963
0.50125 -0.96376
0.50376 -0.9646
0.50627 -0.96536
0.50877 -0.9661
0.51128 -0.96685
0.51378 -0.96758
0.51629 -0.96831
0.5188 -0.96903
0.5213 -0.9698
0.52381 -0.97051
0.52632 -0.97122
0.52882 -0.97192
0.53133 -0.97261
0.53383 -0.9733
0.53634 -0.97399
0.53885 -0.97471
0.54135 -0.97538
0.54386 -0.97605
0.54637 -0.97671
0.54887 -0.97737
0.55138 -0.97802
0.55388 -0.97867
0.55639 -0.97939
0.5589 -0.98003
0.5614 -0.98066
0.56391 -0.98128
0.56642 -0.98191
0.56892 -0.98252
0.57143 -0.98314
0.57393 -0.98374
0.57644 -0.98435
0.57895 -0.98494
0.58145 -0.98554
0.58396 -0.9862
0.58647 -0.98679
0.58897 -0.98737
0.59148 -0.98795
0.59398 -0.98852
0.59649 -0.98909
0.599 -0.98965
0.6015 -0.99021
0.60401 -0.99077
0.60652 -0.99132
0.60902 -0.99186
0.61153 -0.9924
0.61404 -0.99294
0.61654 -0.99348
0.61905 -0.99408
0.62155 -0.9946
0.62406 -0.99512
0.62657 -0.99564
0.62907 -0.99616
0.63158 -0.99667
0.63409 -0.99717
0.63659 -0.99768
0.6391 -0.99818
0.6416 -0.99867
0.64411 -0.99916
0.64662 -0.99965
0.64912 -1.0001
0.65163 -1.0006
0.65414 -1.0011
0.65664 -1.0016
0.65915 -1.002
0.66165 -1.0025
0.66416 -1.003
0.66667 -1.0034
0.66917 -1.0039
0.67168 -1.0044
0.67419 -1.0048
0.67669 -1.0053
0.6792 -1.0057
0.6817 -1.0062
0.68421 -1.0066
0.68672 -1.007
0.68922 -1.0074
0.69173 -1.0079
0.69424 -1.0083
0.69674 -1.0087
0.69925 -1.0091
0.70175 -1.0095
0.70426 -1.0099
0.70677 -1.0104
0.70927 -1.0108
0.71178 -1.0112
0.71429 -1.0115
0.71679 -1.0119
0.7193 -1.0123
0.7218 -1.0128
0.72431 -1.0132
0.72682 -1.0135
0.72932 -1.0139
0.73183 -1.0143
0.73434 -1.0147
0.73684 -1.015
0.73935 -1.0154
0.74185 -1.0158
0.74436 -1.0161
0.74687 -1.0165
0.74937 -1.0168
0.75188 -1.0172
0.75439 -1.0175
0.75689 -1.0179
0.7594 -1.0182
0.7619 -1.0186
0.76441 -1.0189
0.76692 -1.0192
0.76942 -1.0196
0.77193 -1.0199
0.77444 -1.0202
0.77694 -1.0206
0.77945 -1.0209
0.78195 -1.0212
0.78446 -1.0215
0.78697 -1.0219
0.78947 -1.0222
0.79198 -1.0225
0.79449 -1.0228
0.79699 -1.0231
0.7995 -1.0234
0.80201 -1.0237
0.80451 -1.024
0.80702 -1.0204
0.80952 -1.021
0.81203 -1.0215
0.81454 -1.022
0.81704 -1.0225
0.81955 -1.023
0.82206 -1.0234
0.82456 -1.0239
0.82707 -1.0243
0.82957 -1.0247
0.83208 -1.0251
0.83459 -1.0255
0.83709 -1.0258
0.8396 -1.0262
0.84211 -1.0265
0.84461 -1.0268
0.84712 -1.0272
0.84962 -1.0275
0.85213 -1.0278
0.85464 -1.0281
0.85714 -1.0284
0.85965 -1.0287
0.86216 -1.0289
0.86466 -1.0292
0.86717 -1.0295
0.86967 -1.0298
0.87218 -1.03
0.87469 -1.0303
0.87719 -1.0306
0.8797 -1.0308
0.88221 -1.0311
0.88471 -1.0313
0.88722 -1.0316
0.88972 -1.0318
0.89223 -1.032
0.89474 -1.0323
0.89724 -1.0325
0.89975 -1.0327
0.90226 -1.033
0.90476 -1.0332
0.90727 -1.0334
0.90977 -1.0336
0.91228 -1.0338
0.91479 -1.0341
0.91729 -1.0343
0.9198 -1.0345
0.92231 -1.0347
0.92481 -1.0349
0.92732 -1.0351
0.92982 -1.0353
0.93233 -1.0355
0.93484 -1.0357
0.93734 -1.0359
0.93985 -1.0361
0.94236 -1.0363
0.94486 -1.0365
0.94737 -1.0367
0.94987 -1.0369
0.95238 -1.037
0.95489 -1.0372
0.95739 -1.0374
0.9599 -1.0376
0.96241 -1.0378
0.96491 -1.0379
0.96742 -1.0381
0.96992 -1.0383
0.97243 -1.0384
0.97494 -1.0386
0.97744 -1.0388
0.97995 -1.039
0.98246 -1.0391
0.98496 -1.0393
0.98747 -1.0395
0.98997 -1.0396
0.99248 -1.0398
0.99499 -1.0399
0.99749 -1.0401
1 -1.0402
