t shear free
   2.5000000e-03   1.6672190e-01   1.6672190e-01
   5.0000000e-03   1.6629710e-01   1.6629660e-01
   7.5000000e-03   1.6586610e-01   1.6586530e-01
   1.0000000e-02   1.6542770e-01   1.6542670e-01
   1.2500000e-02   1.6497990e-01   1.6497900e-01
   1.5000000e-02   1.6452160e-01   1.6452100e-01
   1.7500000e-02   1.6405220e-01   1.6405210e-01
   2.0000000e-02   1.6357180e-01   1.6357230e-01
   2.2500000e-02   1.6308070e-01   1.6373680e-01
   2.5000000e-02   1.6328930e-01   1.6322130e-01
   2.7500000e-02   1.6276140e-01   1.6269810e-01
   3.0000000e-02   1.6222460e-01   1.6216750e-01
   3.2500000e-02   1.6167930e-01   1.6162920e-01
   3.5000000e-02   1.6112580e-01   1.6108290e-01
   3.7500000e-02   1.6056400e-01   1.6052870e-01
   4.0000000e-02   1.5999410e-01   1.5996670e-01
   4.2500000e-02   1.5941650e-01   1.5939690e-01
   4.5000000e-02   1.5883160e-01   1.5881990e-01
   4.7500000e-02   1.5823970e-01   1.5823580e-01
   5.0000000e-02   1.5764130e-01   1.5764510e-01
   5.2500000e-02   1.5703680e-01   1.5704820e-01
   5.5000000e-02   1.5642650e-01   1.5644530e-01
   5.7500000e-02   1.5581080e-01   1.5583690e-01
   6.0000000e-02   1.5598150e-01   1.5584400e-01
   6.2500000e-02   1.5535310e-01   1.5522080e-01
   6.5000000e-02   1.5471570e-01   1.5458820e-01
   6.7500000e-02   1.5407200e-01   1.5394900e-01
   7.0000000e-02   1.5342330e-01   1.5330460e-01
   7.2500000e-02   1.5277020e-01   1.5265570e-01
   7.5000000e-02   1.5211310e-01   1.5200280e-01
   7.7500000e-02   1.5145240e-01   1.5134620e-01
   8.0000000e-02   1.5078810e-01   1.5068600e-01
   8.2500000e-02   1.5012040e-01   1.5002240e-01
   8.5000000e-02   1.4944930e-01   1.4935570e-01
   8.7500000e-02   1.4877500e-01   1.4868580e-01
   9.0000000e-02   1.4809750e-01   1.4801280e-01
   9.2500000e-02   1.4741690e-01   1.4733690e-01
   9.5000000e-02   1.4673320e-01   1.4665820e-01
   9.7500000e-02   1.4612180e-01   1.4597660e-01
   1.0000000e-01   1.4543340e-01   1.4529230e-01
   1.0250000e-01   1.4473880e-01   1.4460530e-01
   1.0500000e-01   1.4403980e-01   1.4391560e-01
   1.0750000e-01   1.4333710e-01   1.4322350e-01
   1.1000000e-01   1.4263100e-01   1.4252880e-01
   1.1250000e-01   1.4192190e-01   1.4195250e-01
   1.1500000e-01   1.4120990e-01   1.4125260e-01
   1.1750000e-01   1.4049520e-01   1.4054770e-01
   1.2000000e-01   1.3977790e-01   1.3983930e-01
   1.2250000e-01   1.3905820e-01   1.3912790e-01
   1.2500000e-01   1.3833610e-01   1.3841410e-01
   1.2750000e-01   1.3761170e-01   1.3769790e-01
   1.3000000e-01   1.3688520e-01   1.3697960e-01
   1.3250000e-01   1.3615670e-01   1.3625910e-01
   1.3500000e-01   1.3542620e-01   1.3553670e-01
   1.3750000e-01   1.3469370e-01   1.3481250e-01
   1.4000000e-01   1.3395940e-01   1.3408640e-01
   1.4250000e-01   1.3322340e-01   1.3335850e-01
   1.4500000e-01   1.3248560e-01   1.3262900e-01
   1.4750000e-01   1.3174620e-01   1.3189780e-01
   1.5000000e-01   1.3100520e-01   1.3116510e-01
   1.5250000e-01   1.3026260e-01   1.3043090e-01
   1.5500000e-01   1.2951850e-01   1.2969520e-01
   1.5750000e-01   1.2877300e-01   1.2895810e-01
   1.6000000e-01   1.2802610e-01   1.2821960e-01
   1.6250000e-01   1.2727780e-01   1.2747980e-01
   1.6500000e-01   1.2652830e-01   1.2673880e-01
   1.6750000e-01   1.2577740e-01   1.2599640e-01
   1.7000000e-01   1.2502530e-01   1.2525290e-01
   1.7250000e-01   1.2427200e-01   1.2450830e-01
   1.7500000e-01   1.2351760e-01   1.2376250e-01
   1.7750000e-01   1.2276210e-01   1.2301560e-01
   1.8000000e-01   1.2200550e-01   1.2226770e-01
   1.8250000e-01   1.2124780e-01   1.2151880e-01
   1.8500000e-01   1.2048920e-01   1.2076900e-01
   1.8750000e-01   1.1972960e-01   1.2001820e-01
   1.9000000e-01   1.1842040e-01   1.1926650e-01
   1.9250000e-01   1.1765850e-01   1.1851400e-01
   1.9500000e-01   1.1689410e-01   1.1776070e-01
   1.9750000e-01   1.1612820e-01   1.1700660e-01
   2.0000000e-01   1.1536090e-01   1.1625180e-01
   2.0250000e-01   1.1459270e-01   1.1549630e-01
   2.0500000e-01   1.1382340e-01   1.1474010e-01
   2.0750000e-01   1.1305330e-01   1.1373760e-01
   2.1000000e-01   1.1228240e-01   1.1298260e-01
   2.1250000e-01   1.1151070e-01   1.1222580e-01
   2.1500000e-01   1.1073820e-01   1.1146770e-01
   2.1750000e-01   1.0996510e-01   1.1070860e-01
   2.2000000e-01   1.0919130e-01   1.0994860e-01
   2.2250000e-01   1.0841690e-01   1.0918800e-01
   2.2500000e-01   1.0764190e-01   1.0842680e-01
   2.2750000e-01   1.0686640e-01   1.0766510e-01
   2.3000000e-01   1.0609030e-01   1.0690290e-01
   2.3250000e-01   1.0531380e-01   1.0614030e-01
   2.3500000e-01   1.0453680e-01   1.0537730e-01
   2.3750000e-01   1.0375950e-01   1.0461400e-01
   2.4000000e-01   1.0298180e-01   1.0385040e-01
   2.4250000e-01   1.0220380e-01   1.0308660e-01
   2.4500000e-01   1.0142540e-01   1.0232250e-01
   2.4750000e-01   1.0064690e-01   1.0155820e-01
   2.5000000e-01   9.9868100e-02   1.0079380e-01
   2.5250000e-01   9.9089200e-02   1.0002920e-01
   2.5500000e-01   9.8310100e-02   9.9264500e-02
   2.5750000e-01   9.7530900e-02   9.8499800e-02
   2.6000000e-01   9.6751700e-02   9.7735000e-02
   2.6250000e-01   9.5972400e-02   9.6970200e-02
   2.6500000e-01   9.5193200e-02   9.6205400e-02
   2.6750000e-01   9.4414000e-02   9.5440600e-02
   2.7000000e-01   9.3634900e-02   9.4675900e-02
   2.7250000e-01   9.2856000e-02   9.3911400e-02
   2.7500000e-01   9.2077200e-02   9.3146900e-02
   2.7750000e-01   9.1298700e-02   9.2382600e-02
   2.8000000e-01   9.0520400e-02   9.1618500e-02
   2.8250000e-01   8.9742400e-02   9.0854700e-02
   2.8500000e-01   8.8964700e-02   9.0091000e-02
   2.8750000e-01   8.8187400e-02   8.9327700e-02
   2.9000000e-01   8.7410500e-02   8.8564600e-02
   2.9250000e-01   8.6634100e-02   8.7801900e-02
   2.9500000e-01   8.5858100e-02   8.7039500e-02
   2.9750000e-01   8.5082700e-02   8.6277500e-02
   3.0000000e-01   8.4307900e-02   8.5515900e-02
   3.0250000e-01   8.3533600e-02   8.4754700e-02
   3.0500000e-01   8.2760000e-02   8.3994100e-02
   3.0750000e-01   8.1987100e-02   8.3233900e-02
   3.1000000e-01   8.1214900e-02   8.2474200e-02
   3.1250000e-01   8.0443400e-02   8.1715100e-02
   3.1500000e-01   7.9672800e-02   8.0956500e-02
   3.1750000e-01   7.8902900e-02   8.0198600e-02
   3.2000000e-01   7.8134000e-02   7.9441300e-02
   3.2250000e-01   7.7366000e-02   7.8684600e-02
   3.2500000e-01   7.6598900e-02   7.7928700e-02
   3.2750000e-01   7.5832800e-02   7.7173400e-02
   3.3000000e-01   7.5067700e-02   7.6418900e-02
   3.3250000e-01   7.4303600e-02   7.5665200e-02
   3.3500000e-01   7.3540700e-02   7.4912200e-02
   3.3750000e-01   7.2778900e-02   7.4160100e-02
   3.4000000e-01   7.2018200e-02   7.3408800e-02
   3.4250000e-01   7.1258800e-02   7.2658400e-02
   3.4500000e-01   7.0500500e-02   7.1908900e-02
   3.4750000e-01   6.9743600e-02   7.1160300e-02
   3.5000000e-01   6.8987900e-02   7.0412700e-02
   3.5250000e-01   6.8233600e-02   6.9666100e-02
   3.5500000e-01   6.7480700e-02   6.8920500e-02
   3.5750000e-01   6.6729200e-02   6.8176000e-02
   3.6000000e-01   6.5979100e-02   6.7432500e-02
   3.6250000e-01   6.5230600e-02   6.6690100e-02
   3.6500000e-01   6.4483500e-02   6.5948800e-02
   3.6750000e-01   6.3738000e-02   6.5208700e-02
   3.7000000e-01   6.2994100e-02   6.4469800e-02
   3.7250000e-01   6.2251800e-02   6.3732200e-02
   3.7500000e-01   6.1511200e-02   6.2995700e-02
   3.7750000e-01   6.0772200e-02   6.2260600e-02
   3.8000000e-01   6.0035000e-02   6.1526700e-02
   3.8250000e-01   5.9299600e-02   6.0794200e-02
   3.8500000e-01   5.8565900e-02   6.0063100e-02
   3.8750000e-01   5.7834100e-02   5.9333400e-02
   3.9000000e-01   5.7104200e-02   5.8605100e-02
   3.9250000e-01   5.6376200e-02   5.7878200e-02
   3.9500000e-01   5.5650200e-02   5.7152900e-02
   3.9750000e-01   5.4926100e-02   5.6429200e-02
   4.0000000e-01   5.4204100e-02   5.5707000e-02
   4.0250000e-01   5.3484100e-02   5.4986400e-02
   4.0500000e-01   5.2766300e-02   5.4267400e-02
   4.0750000e-01   5.2050600e-02   5.3550200e-02
   4.1000000e-01   5.1337000e-02   5.2834600e-02
   4.1250000e-01   5.0625700e-02   5.2120800e-02
   4.1500000e-01   4.9916700e-02   5.1408800e-02
   4.1750000e-01   4.9210000e-02   5.0698700e-02
   4.2000000e-01   4.8505600e-02   4.9990400e-02
   4.2250000e-01   4.7803600e-02   4.9284100e-02
   4.2500000e-01   4.6699300e-02   4.8579700e-02
   4.2750000e-01   4.6002300e-02   4.7877300e-02
   4.3000000e-01   4.5306600e-02   4.7177000e-02
   4.3250000e-01   4.4612700e-02   4.6478700e-02
   4.3500000e-01   4.3920800e-02   4.5782600e-02
   4.3750000e-01   4.3231200e-02   4.5088700e-02
   4.4000000e-01   4.2544000e-02   4.4397100e-02
   4.4250000e-01   4.1859300e-02   4.3707700e-02
   4.4500000e-01   4.1177300e-02   4.3020700e-02
   4.4750000e-01   4.0498000e-02   4.2336100e-02
   4.5000000e-01   3.9821500e-02   4.1653900e-02
   4.5250000e-01   3.9147900e-02   4.0974200e-02
   4.5500000e-01   3.8477200e-02   4.0297100e-02
   4.5750000e-01   3.7809500e-02   3.9622600e-02
   4.6000000e-01   3.7144800e-02   3.8950800e-02
   4.6250000e-01   3.6483100e-02   3.7947900e-02
   4.6500000e-01   3.5824700e-02   3.7282400e-02
   4.6750000e-01   3.5169500e-02   3.6618600e-02
   4.7000000e-01   3.4517500e-02   3.5956900e-02
   4.7250000e-01   3.3868900e-02   3.5297500e-02
   4.7500000e-01   3.3223600e-02   3.4640700e-02
   4.7750000e-01   3.2581900e-02   3.3986800e-02
   4.8000000e-01   3.1943600e-02   3.3335800e-02
   4.8250000e-01   3.1308900e-02   3.2687800e-02
   4.8500000e-01   3.0677900e-02   3.2043100e-02
   4.8750000e-01   3.0050600e-02   3.1401700e-02
   4.9000000e-01   2.9427100e-02   3.0763600e-02
   4.9250000e-01   2.8807500e-02   3.0129000e-02
   4.9500000e-01   2.8191800e-02   2.9498000e-02
   4.9750000e-01   2.7580100e-02   2.8870600e-02
   5.0000000e-01   2.6972400e-02   2.8247000e-02
   5.0250000e-01   2.6369000e-02   2.7627200e-02
   5.0500000e-01   2.5769700e-02   2.7011400e-02
   5.0750000e-01   2.5174800e-02   2.6399500e-02
   5.1000000e-01   2.4584300e-02   2.5791700e-02
   5.1250000e-01   2.3998200e-02   2.5188200e-02
   5.1500000e-01   2.3416800e-02   2.4588900e-02
   5.1750000e-01   2.2839900e-02   2.3994000e-02
   5.2000000e-01   2.2267800e-02   2.3403600e-02
   5.2250000e-01   2.1700600e-02   2.2817800e-02
   5.2500000e-01   2.1138300e-02   2.2236700e-02
   5.2750000e-01   2.0581000e-02   2.1660400e-02
   5.3000000e-01   2.0028800e-02   2.1088900e-02
   5.3250000e-01   1.9481800e-02   2.0522500e-02
   5.3500000e-01   1.8940200e-02   1.9961200e-02
   5.3750000e-01   1.8404000e-02   1.9405200e-02
   5.4000000e-01   1.7873300e-02   1.8854500e-02
   5.4250000e-01   1.7348200e-02   1.8309200e-02
   5.4500000e-01   1.6828900e-02   1.7769600e-02
   5.4750000e-01   1.6081800e-02   1.7235600e-02
   5.5000000e-01   1.5577300e-02   1.6707500e-02
   5.5250000e-01   1.5077100e-02   1.6185300e-02
   5.5500000e-01   1.4582000e-02   1.5669200e-02
   5.5750000e-01   1.4092600e-02   1.5159400e-02
   5.6000000e-01   1.3609200e-02   1.4655900e-02
   5.6250000e-01   1.3131900e-02   1.4158800e-02
   5.6500000e-01   1.2660900e-02   1.3668400e-02
   5.6750000e-01   1.2196600e-02   1.3184700e-02
   5.7000000e-01   1.1738900e-02   1.2707900e-02
   5.7250000e-01   1.1288100e-02   1.2238200e-02
   5.7500000e-01   1.0844200e-02   1.1775600e-02
   5.7750000e-01   1.0407600e-02   1.1320300e-02
   5.8000000e-01   9.9782000e-03   1.0872500e-02
   5.8250000e-01   9.5563000e-03   1.0432300e-02
   5.8500000e-01   9.1419000e-03   9.9998000e-03
   5.8750000e-01   8.7353000e-03   9.5753000e-03
   5.9000000e-01   8.3366000e-03   9.1587000e-03
   5.9250000e-01   7.9459000e-03   8.7503000e-03
   5.9500000e-01   7.5634000e-03   8.3503000e-03
   5.9750000e-01   7.1892000e-03   7.9587000e-03
   6.0000000e-01   6.8235000e-03   7.5757000e-03
   6.0250000e-01   6.4665000e-03   7.0709000e-03
   6.0500000e-01   6.1183000e-03   6.7049000e-03
   6.0750000e-01   5.7790000e-03   6.3456000e-03
   6.1000000e-01   5.3157000e-03   5.9940000e-03
   6.1250000e-01   4.9975000e-03   5.6508000e-03
   6.1500000e-01   4.6857000e-03   5.3165000e-03
   6.1750000e-01   4.3822000e-03   4.9913000e-03
   6.2000000e-01   4.0877000e-03   4.6754000e-03
   6.2250000e-01   3.8027000e-03   4.3690000e-03
   6.2500000e-01   3.5273000e-03   4.0722000e-03
   6.2750000e-01   3.2618000e-03   3.7852000e-03
   6.3000000e-01   3.0064000e-03   3.5082000e-03
   6.3250000e-01   2.7612000e-03   3.2412000e-03
   6.3500000e-01   2.5264000e-03   2.9845000e-03
   6.3750000e-01   2.3022000e-03   2.7381000e-03
   6.4000000e-01   2.0885000e-03   2.5022000e-03
   6.4250000e-01   1.8046000e-03   2.2770000e-03
   6.4500000e-01   1.6213000e-03   2.0624000e-03
   6.4750000e-01   1.4449000e-03   1.8586000e-03
   6.5000000e-01   1.2780000e-03   1.6658000e-03
   6.5250000e-01   1.1214000e-03   1.4840000e-03
   6.5500000e-01   9.7550000e-04   1.3132000e-03
   6.5750000e-01   8.4060000e-04   1.1536000e-03
   6.6000000e-01   7.1650000e-04   1.0051000e-03
   6.6250000e-01   6.0330000e-04   8.6770000e-04
   6.6500000e-01   5.0090000e-04   7.4130000e-04
   6.6750000e-01   4.0890000e-04   6.2590000e-04
   6.7000000e-01   2.9700000e-04   4.8540000e-04
   6.7250000e-01   2.3170000e-04   3.9200000e-04
   6.7500000e-01   1.7330000e-04   3.0640000e-04
   6.7750000e-01   1.2400000e-04   2.3150000e-04
   6.8000000e-01   8.4000000e-05   1.6780000e-04
   6.8250000e-01   5.2800000e-05   1.1540000e-04
   6.8500000e-01   0.0000000e+00   7.3800000e-05
   6.8750000e-01   0.0000000e+00   4.2500000e-05
   6.9000000e-01   0.0000000e+00   2.0600000e-05
   6.9250000e-01   0.0000000e+00   0.0000000e+00
   6.9500000e-01   0.0000000e+00   0.0000000e+00
   6.9750000e-01   0.0000000e+00   0.0000000e+00
   7.0000000e-01   0.0000000e+00   0.0000000e+00
   7.0250000e-01   0.0000000e+00   0.0000000e+00
   7.0500000e-01   0.0000000e+00   0.0000000e+00
   7.0750000e-01   0.0000000e+00   0.0000000e+00
   7.1000000e-01   0.0000000e+00   0.0000000e+00
   7.1250000e-01   0.0000000e+00   0.0000000e+00
   7.1500000e-01   0.0000000e+00   0.0000000e+00
   7.1750000e-01   0.0000000e+00   0.0000000e+00
   7.2000000e-01   0.0000000e+00   0.0000000e+00
   7.2250000e-01   0.0000000e+00   0.0000000e+00
   7.2500000e-01   0.0000000e+00   0.0000000e+00
   7.2750000e-01   0.0000000e+00   0.0000000e+00
   7.3000000e-01   0.0000000e+00   0.0000000e+00
   7.3250000e-01   0.0000000e+00   0.0000000e+00
   7.3500000e-01   0.0000000e+00   0.0000000e+00
   7.3750000e-01   0.0000000e+00   0.0000000e+00
   7.4000000e-01   0.0000000e+00   0.0000000e+00
   7.4250000e-01   0.0000000e+00   0.0000000e+00
   7.4500000e-01   0.0000000e+00   0.0000000e+00
   7.4750000e-01   0.0000000e+00   0.0000000e+00
   7.5000000e-01   0.0000000e+00   0.0000000e+00
   7.5250000e-01   0.0000000e+00   0.0000000e+00
   7.5500000e-01   0.0000000e+00   0.0000000e+00
   7.5750000e-01   0.0000000e+00   0.0000000e+00
   7.6000000e-01   0.0000000e+00   0.0000000e+00
   7.6250000e-01   0.0000000e+00   0.0000000e+00
   7.6500000e-01   0.0000000e+00   0.0000000e+00
   7.6750000e-01   0.0000000e+00   0.0000000e+00
   7.7000000e-01   0.0000000e+00   0.0000000e+00
   7.7250000e-01   0.0000000e+00   0.0000000e+00
   7.7500000e-01   0.0000000e+00   0.0000000e+00
   7.7750000e-01   0.0000000e+00   0.0000000e+00
   7.8000000e-01   0.0000000e+00   0.0000000e+00
   7.8250000e-01   0.0000000e+00   0.0000000e+00
   7.8500000e-01   0.0000000e+00   0.0000000e+00
   7.8750000e-01   0.0000000e+00   0.0000000e+00
   7.9000000e-01   0.0000000e+00   0.0000000e+00
   7.9250000e-01   0.0000000e+00   0.0000000e+00
   7.9500000e-01   0.0000000e+00   0.0000000e+00
   7.9750000e-01   0.0000000e+00   0.0000000e+00
   8.0000000e-01   0.0000000e+00   0.0000000e+00
   8.0250000e-01   0.0000000e+00   0.0000000e+00
   8.0500000e-01   0.0000000e+00   0.0000000e+00
   8.0750000e-01   0.0000000e+00   0.0000000e+00
   8.1000000e-01   0.0000000e+00   0.0000000e+00
   8.1250000e-01   0.0000000e+00   0.0000000e+00
   8.1500000e-01   0.0000000e+00   0.0000000e+00
   8.1750000e-01   0.0000000e+00   0.0000000e+00
   8.2000000e-01   0.0000000e+00   0.0000000e+00
   8.2250000e-01   0.0000000e+00   0.0000000e+00
   8.2500000e-01   0.0000000e+00   0.0000000e+00
   8.2750000e-01   0.0000000e+00   0.0000000e+00
   8.3000000e-01   0.0000000e+00   0.0000000e+00
   8.3250000e-01   0.0000000e+00   0.0000000e+00
   8.3500000e-01   0.0000000e+00   0.0000000e+00
   8.3750000e-01   0.0000000e+00   0.0000000e+00
   8.4000000e-01   0.0000000e+00   0.0000000e+00
   8.4250000e-01   0.0000000e+00   0.0000000e+00
   8.4500000e-01   0.0000000e+00   0.0000000e+00
   8.4750000e-01   0.0000000e+00   0.0000000e+00
   8.5000000e-01   0.0000000e+00   0.0000000e+00
   8.5250000e-01   0.0000000e+00   0.0000000e+00
   8.5500000e-01   0.0000000e+00   0.0000000e+00
   8.5750000e-01   0.0000000e+00   0.0000000e+00
   8.6000000e-01   0.0000000e+00   0.0000000e+00
   8.6250000e-01   0.0000000e+00   0.0000000e+00
   8.6500000e-01   0.0000000e+00   0.0000000e+00
   8.6750000e-01   0.0000000e+00   0.0000000e+00
   8.7000000e-01   0.0000000e+00   0.0000000e+00
   8.7250000e-01   0.0000000e+00   0.0000000e+00
   8.7500000e-01   0.0000000e+00   0.0000000e+00
   8.7750000e-01   0.0000000e+00   0.0000000e+00
   8.8000000e-01   0.0000000e+00   0.0000000e+00
   8.8250000e-01   0.0000000e+00   0.0000000e+00
   8.8500000e-01   0.0000000e+00   0.0000000e+00
   8.8750000e-01   0.0000000e+00   0.0000000e+00
   8.9000000e-01   0.0000000e+00   0.0000000e+00
   8.9250000e-01   0.0000000e+00   0.0000000e+00
   8.9500000e-01   0.0000000e+00   0.0000000e+00
   8.9750000e-01   0.0000000e+00   0.0000000e+00
   9.0000000e-01   0.0000000e+00   0.0000000e+00
   9.0250000e-01   0.0000000e+00   0.0000000e+00
   9.0500000e-01   0.0000000e+00   0.0000000e+00
   9.0750000e-01   0.0000000e+00   0.0000000e+00
   9.1000000e-01   0.0000000e+00   0.0000000e+00
   9.1250000e-01   0.0000000e+00   0.0000000e+00
   9.1500000e-01   0.0000000e+00   0.0000000e+00
   9.1750000e-01   0.0000000e+00   0.0000000e+00
   9.2000000e-01   0.0000000e+00   0.0000000e+00
   9.2250000e-01   0.0000000e+00   0.0000000e+00
   9.2500000e-01   0.0000000e+00   0.0000000e+00
   9.2750000e-01   0.0000000e+00   0.0000000e+00
   9.3000000e-01   0.0000000e+00   0.0000000e+00
   9.3250000e-01   0.0000000e+00   0.0000000e+00
   9.3500000e-01   0.0000000e+00   0.0000000e+00
   9.3750000e-01   0.0000000e+00   0.0000000e+00
   9.4000000e-01   0.0000000e+00   0.0000000e+00
   9.4250000e-01   0.0000000e+00   0.0000000e+00
   9.4500000e-01   0.0000000e+00   0.0000000e+00
   9.4750000e-01   0.0000000e+00   0.0000000e+00
   9.5000000e-01   0.0000000e+00   0.0000000e+00
   9.5250000e-01   0.0000000e+00   0.0000000e+00
   9.5500000e-01   0.0000000e+00   0.0000000e+00
   9.5750000e-01   0.0000000e+00   0.0000000e+00
   9.6000000e-01   0.0000000e+00   0.0000000e+00
   9.6250000e-01   0.0000000e+00   0.0000000e+00
   9.6500000e-01   0.0000000e+00   0.0000000e+00
   9.6750000e-01   0.0000000e+00   0.0000000e+00
   9.7000000e-01   0.0000000e+00   0.0000000e+00
   9.7250000e-01   0.0000000e+00   0.0000000e+00
   9.7500000e-01   0.0000000e+00   0.0000000e+00
   9.7750000e-01   0.0000000e+00   0.0000000e+00
   9.8000000e-01   0.0000000e+00   0.0000000e+00
   9.8250000e-01   0.0000000e+00   0.0000000e+00
   9.8500000e-01   0.0000000e+00   0.0000000e+00
   9.8750000e-01   0.0000000e+00   0.0000000e+00
   9.9000000e-01   0.0000000e+00   0.0000000e+00
   9.9250000e-01   0.0000000e+00   0.0000000e+00
   9.9500000e-01   0.0000000e+00   0.0000000e+00
   9.9750000e-01   0.0000000e+00   0.0000000e+00
   1.0000000e+00   0.0000000e+00   0.0000000e+00
