7.128925000000002621e-02 7.498700771255640829e-01
9.503425000000001455e-02 6.849303753569349063e-01
1.258434999999999970e-01 6.099124953018912887e-01
1.659775000000000000e-01 5.224968602453019528e-01
2.125097499999999973e-01 4.278578372102368466e-01
2.675677499999999931e-01 3.273188337158453032e-01
3.299739999999999895e-01 2.266721631927394176e-01
4.024287500000000573e-01 1.359635145317800997e-01
4.808832499999999843e-01 6.461485333972316614e-02
5.642962499999999437e-01 1.964077877880773121e-02
6.496192499999999814e-01 8.678793813091747328e-03
7.339797499999999308e-01 4.498441387126741846e-03
8.187962500000000032e-01 2.793901097183526094e-03
9.037554999999999339e-01 5.142406250992617505e-04
9.891175000000000939e-01 0.000000000000000000e+00
