 5.72957795e-01 1.66673945e-06
 1.61767539e+00 1.32855635e-05
 2.66239299e+00 3.59825755e-05
 3.70711059e+00 6.97502298e-05
 4.75182819e+00 1.14577300e-04
 5.79654579e+00 1.70448882e-04
 6.84126338e+00 2.37346402e-04
 7.88598098e+00 3.15247619e-04
 8.93069858e+00 4.04126633e-04
 9.97541618e+00 5.03953895e-04
 1.10201338e+01 6.14696218e-04
 1.20648514e+01 7.36316783e-04
 1.31095690e+01 8.68775157e-04
 1.41542866e+01 1.01202730e-03
 1.51990042e+01 1.16602559e-03
 1.62437218e+01 1.33071883e-03
 1.72884394e+01 1.50605226e-03
 1.83331570e+01 1.69196759e-03
 1.93778746e+01 1.88840302e-03
 2.04225922e+01 2.09529323e-03
 2.14673098e+01 2.31256944e-03
 2.25120274e+01 2.54015941e-03
 2.35567450e+01 2.77798749e-03
 2.46014625e+01 3.02597460e-03
 2.56461801e+01 3.28403830e-03
 2.66908977e+01 3.55209279e-03
 2.77356153e+01 3.83004895e-03
 2.87803329e+01 4.11781438e-03
 2.98250505e+01 4.41529340e-03
 3.08697681e+01 4.72238711e-03
 3.19144857e+01 5.03899342e-03
 3.29592033e+01 5.36500706e-03
 3.40039209e+01 5.70031965e-03
 3.50486385e+01 6.04481972e-03
 3.60933561e+01 6.39839273e-03
 3.71380737e+01 6.76092112e-03
 3.81827913e+01 7.13228438e-03
 3.92275089e+01 7.51235904e-03
 4.02722265e+01 7.90101873e-03
 4.13169441e+01 8.29813426e-03
 4.23616617e+01 8.70357358e-03
 4.34063793e+01 9.11720191e-03
 4.44510969e+01 9.53888173e-03
 4.54958145e+01 9.96847286e-03
 4.65405321e+01 1.04058325e-02
 4.75852497e+01 1.08508151e-02
 4.86299673e+01 1.13032729e-02
 4.96746849e+01 1.17630555e-02
 5.07194025e+01 1.22300098e-02
 5.17641201e+01 1.27039808e-02
 5.28088377e+01 1.31848108e-02
 5.38535553e+01 1.36723400e-02
 5.48982729e+01 1.41664062e-02
 5.59429905e+01 1.46668453e-02
 5.69877081e+01 1.51734909e-02
 5.80324257e+01 1.56861744e-02
 5.90771433e+01 1.62047255e-02
 6.01218609e+01 1.66879548e-02
 6.11665785e+01 1.68599878e-02
 6.22112961e+01 1.70264155e-02
 6.32560137e+01 1.71871826e-02
 6.43007313e+01 1.73422356e-02
 6.53454489e+01 1.74915230e-02
 6.63901665e+01 1.76349952e-02
 6.74348841e+01 1.77726044e-02
 6.84796017e+01 1.79043049e-02
 6.95243193e+01 1.80300530e-02
 7.05690369e+01 1.81498067e-02
 7.16137545e+01 1.82635264e-02
 7.26584721e+01 1.83711741e-02
 7.37031897e+01 1.84727141e-02
 7.47479073e+01 1.85681127e-02
 7.57926249e+01 1.86573381e-02
 7.68373425e+01 1.87403607e-02
 7.78820600e+01 1.88171529e-02
 7.89267776e+01 1.88876891e-02
 7.99714952e+01 1.89519458e-02
 8.10162128e+01 1.90099018e-02
 8.20609304e+01 1.90615377e-02
 8.31056480e+01 1.91068365e-02
 8.41503656e+01 1.91457829e-02
 8.51950832e+01 1.91783641e-02
 8.62398008e+01 1.92045693e-02
 8.72845184e+01 1.92243897e-02
 8.83292360e+01 1.92378187e-02
 8.93739536e+01 1.92448520e-02
 9.04186712e+01 1.85120665e-02
 9.14633888e+01 1.66531563e-02
 9.25081064e+01 1.47554618e-02
 9.35528240e+01 1.28196138e-02
 9.45975416e+01 1.08462561e-02
 9.56422592e+01 8.83604450e-03
 9.66869768e+01 6.78964749e-03
 9.77316944e+01 4.70774537e-03
 9.87764120e+01 2.86337170e-03
 9.98211296e+01 1.73720102e-03
 1.00865847e+02 9.72669970e-04
 1.01910565e+02 4.62981717e-04
 1.02955282e+02 1.54679450e-04
 1.04000000e+02 1.45470188e-05
