-5.243837e-01 2.537668e-03 0.000000e+00 
5.253655e-01 2.227003e-03 0.000000e+00 
1.746676e-03 5.244984e-01 0.000000e+00 
-5.333522e-04 -5.238188e-01 0.000000e+00 
-1.000000e+00 -1.000000e+00 0.000000e+00 
-7.369261e-01 -1.000000e+00 0.000000e+00 
-5.521970e-01 -1.000000e+00 0.000000e+00 
-4.263971e-01 -1.000000e+00 0.000000e+00 
-3.100182e-01 -1.000000e+00 0.000000e+00 
-1.918360e-01 -1.000000e+00 0.000000e+00 
-6.816245e-02 -1.000000e+00 0.000000e+00 
4.995768e-02 -1.000000e+00 0.000000e+00 
1.774699e-01 -1.000000e+00 0.000000e+00 
3.021756e-01 -1.000000e+00 0.000000e+00 
4.317364e-01 -1.000000e+00 0.000000e+00 
5.613470e-01 -1.000000e+00 0.000000e+00 
7.448932e-01 -1.000000e+00 0.000000e+00 
-1.000000e+00 -7.457046e-01 0.000000e+00 
-8.208412e-01 -8.295255e-01 0.000000e+00 
-6.176095e-01 -8.612499e-01 0.000000e+00 
-4.544297e-01 -8.761891e-01 0.000000e+00 
-3.000693e-01 -8.769959e-01 0.000000e+00 
-1.494893e-01 -8.712980e-01 0.000000e+00 
-1.795887e-02 -8.283776e-01 0.000000e+00 
8.806782e-02 -8.663671e-01 0.000000e+00 
2.152824e-01 -8.594122e-01 0.000000e+00 
3.467837e-01 -8.676210e-01 0.000000e+00 
4.870062e-01 -8.632484e-01 0.000000e+00 
6.434608e-01 -8.428159e-01 0.000000e+00 
1.000000e+00 -1.000000e+00 0.000000e+00 
-7.374649e-01 -6.979487e-01 0.000000e+00 
-6.035529e-01 -7.273726e-01 0.000000e+00 
-4.797794e-01 -7.541101e-01 0.000000e+00 
-3.493279e-01 -7.561372e-01 0.000000e+00 
-2.180292e-01 -7.464507e-01 0.000000e+00 
-9.237933e-02 -7.285346e-01 0.000000e+00 
1.055330e-01 -7.317475e-01 0.000000e+00 
2.476873e-01 -7.297477e-01 0.000000e+00 
3.899341e-01 -7.433440e-01 0.000000e+00 
4.526823e-01 -6.230738e-01 0.000000e+00 
5.417977e-01 -7.275148e-01 0.000000e+00 
8.307227e-01 -8.080672e-01 0.000000e+00 
-1.000000e+00 -5.686098e-01 0.000000e+00 
-8.575988e-01 -6.142585e-01 0.000000e+00 
-6.763488e-01 -5.668331e-01 0.000000e+00 
-5.521595e-01 -6.068649e-01 0.000000e+00 
-4.190214e-01 -6.296473e-01 0.000000e+00 
-2.865745e-01 -6.203608e-01 0.000000e+00 
-1.577416e-01 -6.036782e-01 0.000000e+00 
-3.894905e-02 -5.154624e-01 0.000000e+00 
3.845924e-02 -5.157279e-01 0.000000e+00 
1.704274e-01 -5.980293e-01 0.000000e+00 
3.165863e-01 -6.048298e-01 0.000000e+00 
4.343835e-01 -4.950067e-01 0.000000e+00 
5.800159e-01 -5.761073e-01 0.000000e+00 
6.987199e-01 -6.775660e-01 0.000000e+00 
8.558508e-01 -6.091383e-01 0.000000e+00 
1.000000e+00 -7.196934e-01 0.000000e+00 
-1.000000e+00 -4.513440e-01 0.000000e+00 
-8.800352e-01 -4.505249e-01 0.000000e+00 
-7.708431e-01 -4.952912e-01 0.000000e+00 
-6.243675e-01 -4.433311e-01 0.000000e+00 
-5.040874e-01 -4.981103e-01 0.000000e+00 
-3.732379e-01 -4.956317e-01 0.000000e+00 
-2.423540e-01 -4.777976e-01 0.000000e+00 
-1.190376e-01 -4.556127e-01 0.000000e+00 
1.215042e-01 -4.544713e-01 0.000000e+00 
2.681758e-01 -4.753514e-01 0.000000e+00 
5.003649e-01 -3.787481e-01 0.000000e+00 
6.049929e-01 -4.508387e-01 0.000000e+00 
7.311752e-01 -5.217163e-01 0.000000e+00 
8.714035e-01 -4.548376e-01 0.000000e+00 
1.000000e+00 -5.251649e-01 0.000000e+00 
-1.000000e+00 -3.385408e-01 0.000000e+00 
-8.664962e-01 -3.088573e-01 0.000000e+00 
-7.429527e-01 -3.661572e-01 0.000000e+00 
-6.111505e-01 -3.040569e-01 0.000000e+00 
-4.850318e-01 -3.741358e-01 0.000000e+00 
-3.483735e-01 -3.592329e-01 0.000000e+00 
-2.187623e-01 -3.367795e-01 0.000000e+00 
2.180983e-01 -3.392967e-01 0.000000e+00 
3.571569e-01 -3.625138e-01 0.000000e+00 
4.701542e-01 -2.530953e-01 0.000000e+00 
6.248793e-01 -3.032259e-01 0.000000e+00 
7.454539e-01 -3.815949e-01 0.000000e+00 
8.753866e-01 -3.038003e-01 0.000000e+00 
1.000000e+00 -3.744076e-01 0.000000e+00 
-1.000000e+00 -2.252470e-01 0.000000e+00 
-8.643096e-01 -1.693849e-01 0.000000e+00 
-7.357491e-01 -2.301546e-01 0.000000e+00 
-5.936928e-01 -1.705217e-01 0.000000e+00 
-4.698919e-01 -2.457154e-01 0.000000e+00 
-3.340807e-01 -2.230073e-01 0.000000e+00 
3.318931e-01 -2.238799e-01 0.000000e+00 
4.534081e-01 -1.227453e-01 0.000000e+00 
5.928452e-01 -1.756733e-01 0.000000e+00 
7.497708e-01 -2.350141e-01 0.000000e+00 
8.749856e-01 -1.536170e-01 0.000000e+00 
1.000000e+00 -2.196454e-01 0.000000e+00 
-1.000000e+00 -1.098064e-01 0.000000e+00 
-8.255674e-01 -4.450999e-02 0.000000e+00 
-7.163041e-01 -1.026232e-01 0.000000e+00 
-5.158067e-01 -3.780793e-02 0.000000e+00 
-4.531597e-01 -1.212847e-01 0.000000e+00 
5.167147e-01 -3.911071e-02 0.000000e+00 
7.121609e-01 -1.134261e-01 0.000000e+00 
8.091768e-01 -3.805144e-02 0.000000e+00 
1.000000e+00 -6.199533e-02 0.000000e+00 
-1.000000e+00 -1.278524e-03 0.000000e+00 
-8.819104e-01 5.712837e-02 0.000000e+00 
-7.673987e-01 8.716909e-02 0.000000e+00 
-5.143010e-01 4.353092e-02 0.000000e+00 
5.075933e-01 5.813515e-02 0.000000e+00 
7.642602e-01 9.559709e-02 0.000000e+00 
8.969260e-01 3.990392e-02 0.000000e+00 
1.000000e+00 1.053820e-01 0.000000e+00 
-1.000000e+00 1.247205e-01 0.000000e+00 
-8.712761e-01 2.005353e-01 0.000000e+00 
-6.580972e-01 1.449814e-01 0.000000e+00 
-5.503135e-01 2.073041e-01 0.000000e+00 
-4.439283e-01 1.313092e-01 0.000000e+00 
-3.179129e-01 2.353833e-01 0.000000e+00 
3.974205e-01 1.686302e-01 0.000000e+00 
5.184109e-01 2.176880e-01 0.000000e+00 
6.352951e-01 1.450175e-01 0.000000e+00 
8.674360e-01 1.871604e-01 0.000000e+00 
1.000000e+00 2.526220e-01 0.000000e+00 
-1.000000e+00 2.422950e-01 0.000000e+00 
-7.545412e-01 2.468982e-01 0.000000e+00 
-6.356535e-01 3.092337e-01 0.000000e+00 
-5.062560e-01 3.705415e-01 0.000000e+00 
-4.338719e-01 2.689407e-01 0.000000e+00 
-3.492264e-01 3.788158e-01 0.000000e+00 
-2.118909e-01 3.452212e-01 0.000000e+00 
2.644613e-01 2.879221e-01 0.000000e+00 
4.097187e-01 3.199866e-01 0.000000e+00 
5.811185e-01 3.396208e-01 0.000000e+00 
7.221560e-01 2.479930e-01 0.000000e+00 
8.601001e-01 3.241613e-01 0.000000e+00 
1.000000e+00 3.946342e-01 0.000000e+00 
-1.000000e+00 3.525481e-01 0.000000e+00 
-8.701732e-01 3.453569e-01 0.000000e+00 
-7.401733e-01 4.002395e-01 0.000000e+00 
-5.975017e-01 4.578894e-01 0.000000e+00 
-4.324660e-01 4.937914e-01 0.000000e+00 
-2.627948e-01 4.805257e-01 0.000000e+00 
-1.187254e-01 4.559077e-01 0.000000e+00 
1.492579e-01 4.219764e-01 0.000000e+00 
2.993134e-01 4.328666e-01 0.000000e+00 
4.584506e-01 4.540059e-01 0.000000e+00 
6.020651e-01 4.935019e-01 0.000000e+00 
7.232274e-01 3.870990e-01 0.000000e+00 
8.673283e-01 4.646774e-01 0.000000e+00 
1.000000e+00 5.396132e-01 0.000000e+00 
-1.000000e+00 4.616484e-01 0.000000e+00 
-8.613728e-01 4.860353e-01 0.000000e+00 
-7.173281e-01 5.376045e-01 0.000000e+00 
-5.667983e-01 5.843488e-01 0.000000e+00 
-4.416391e-01 6.249120e-01 0.000000e+00 
-3.119343e-01 6.067404e-01 0.000000e+00 
-1.693767e-01 5.967603e-01 0.000000e+00 
-3.663185e-02 5.161820e-01 0.000000e+00 
4.861564e-02 5.115060e-01 0.000000e+00 
2.012623e-01 5.598395e-01 0.000000e+00 
3.526713e-01 5.766430e-01 0.000000e+00 
5.029909e-01 5.976475e-01 0.000000e+00 
7.351771e-01 5.228079e-01 0.000000e+00 
-1.000000e+00 5.821296e-01 0.000000e+00 
-8.381808e-01 6.365111e-01 0.000000e+00 
-6.756758e-01 6.899464e-01 0.000000e+00 
-5.228711e-01 7.359272e-01 0.000000e+00 
-3.769526e-01 7.473517e-01 0.000000e+00 
-2.386717e-01 7.326383e-01 0.000000e+00 
-1.025494e-01 7.218042e-01 0.000000e+00 
1.213076e-01 6.943437e-01 0.000000e+00 
2.564311e-01 7.081335e-01 0.000000e+00 
3.945031e-01 7.211887e-01 0.000000e+00 
5.304400e-01 7.308615e-01 0.000000e+00 
6.671828e-01 6.584353e-01 0.000000e+00 
8.102044e-01 8.014801e-01 0.000000e+00 
8.456474e-01 6.222263e-01 0.000000e+00 
-1.000000e+00 7.555717e-01 0.000000e+00 
-8.081494e-01 8.169345e-01 0.000000e+00 
-6.205627e-01 8.481289e-01 0.000000e+00 
-4.624924e-01 8.688791e-01 0.000000e+00 
-3.137996e-01 8.682382e-01 0.000000e+00 
-1.729153e-01 8.628747e-01 0.000000e+00 
-4.417563e-02 8.353723e-01 0.000000e+00 
5.986659e-02 8.363500e-01 0.000000e+00 
1.878998e-01 8.476770e-01 0.000000e+00 
3.246400e-01 8.557250e-01 0.000000e+00 
4.696850e-01 8.628323e-01 0.000000e+00 
6.328890e-01 8.371348e-01 0.000000e+00 
7.527213e-01 1.000000e+00 0.000000e+00 
1.000000e+00 7.320009e-01 0.000000e+00 
-1.000000e+00 1.000000e+00 0.000000e+00 
-7.500238e-01 1.000000e+00 0.000000e+00 
-5.739639e-01 1.000000e+00 0.000000e+00 
-4.560943e-01 1.000000e+00 0.000000e+00 
-3.461294e-01 1.000000e+00 0.000000e+00 
-2.280434e-01 1.000000e+00 0.000000e+00 
-1.084121e-01 1.000000e+00 0.000000e+00 
8.945338e-03 1.000000e+00 0.000000e+00 
1.223265e-01 1.000000e+00 0.000000e+00 
2.365136e-01 1.000000e+00 0.000000e+00 
3.479148e-01 1.000000e+00 0.000000e+00 
4.567353e-01 1.000000e+00 0.000000e+00 
5.759675e-01 1.000000e+00 0.000000e+00 
1.000000e+00 1.000000e+00 0.000000e+00 
-7.293507e-01 -1.700950e-02 0.000000e+00 
-6.587438e-01 -3.762259e-02 0.000000e+00 
-5.226922e-01 -1.061212e-02 0.000000e+00 
-6.872850e-01 3.553796e-02 0.000000e+00 
-5.223422e-01 1.439365e-02 0.000000e+00 
-6.455989e-01 5.472517e-02 0.000000e+00 
5.237179e-01 -1.143696e-02 0.000000e+00 
6.622887e-01 -4.150579e-02 0.000000e+00 
7.178341e-01 -1.368659e-02 0.000000e+00 
5.217918e-01 1.939369e-02 0.000000e+00 
6.889113e-01 3.925830e-02 0.000000e+00 
6.312016e-01 5.424040e-02 0.000000e+00 
-1.045615e-02 5.228230e-01 0.000000e+00 
1.586355e-02 5.218841e-01 0.000000e+00 
-3.714160e-02 6.613586e-01 0.000000e+00 
4.692199e-02 6.502232e-01 0.000000e+00 
-1.604067e-02 7.339925e-01 0.000000e+00 
2.772048e-02 7.306614e-01 0.000000e+00 
-7.502759e-03 -7.301747e-01 0.000000e+00 
-3.453886e-02 -6.640273e-01 0.000000e+00 
3.832575e-02 -6.699207e-01 0.000000e+00 
-1.287918e-02 -5.221217e-01 0.000000e+00 
1.183068e-02 -5.222370e-01 0.000000e+00 
-8.684631e-01 -1.000000e+00 0.000000e+00 
-1.000000e+00 -8.728523e-01 0.000000e+00 
-9.104043e-01 -9.147582e-01 0.000000e+00 
-6.445616e-01 -1.000000e+00 0.000000e+00 
-7.788411e-01 -9.147852e-01 0.000000e+00 
-6.773848e-01 -9.304252e-01 0.000000e+00 
-4.892970e-01 -1.000000e+00 0.000000e+00 
-5.846318e-01 -9.305401e-01 0.000000e+00 
-5.035452e-01 -9.377415e-01 0.000000e+00 
-3.682077e-01 -1.000000e+00 0.000000e+00 
-4.399786e-01 -9.377784e-01 0.000000e+00 
-3.634463e-01 -9.381967e-01 0.000000e+00 
-2.509271e-01 -1.000000e+00 0.000000e+00 
-3.047838e-01 -9.381924e-01 0.000000e+00 
-1.299992e-01 -1.000000e+00 0.000000e+00 
-2.449843e-01 -9.377564e-01 0.000000e+00 
-1.700620e-01 -9.348788e-01 0.000000e+00 
-9.102386e-03 -1.000000e+00 0.000000e+00 
-1.087458e-01 -9.362006e-01 0.000000e+00 
-4.180781e-02 -9.193668e-01 0.000000e+00 
1.137138e-01 -1.000000e+00 0.000000e+00 
1.188175e-02 -9.180496e-01 0.000000e+00 
6.659499e-02 -9.314575e-01 0.000000e+00 
2.398228e-01 -1.000000e+00 0.000000e+00 
1.303872e-01 -9.357294e-01 0.000000e+00 
1.946114e-01 -9.294722e-01 0.000000e+00 
3.669560e-01 -1.000000e+00 0.000000e+00 
2.582431e-01 -9.293088e-01 0.000000e+00 
3.233878e-01 -9.333472e-01 0.000000e+00 
4.965417e-01 -1.000000e+00 0.000000e+00 
3.891782e-01 -9.332789e-01 0.000000e+00 
4.586864e-01 -9.313615e-01 0.000000e+00 
6.531201e-01 -1.000000e+00 0.000000e+00 
5.242361e-01 -9.312662e-01 0.000000e+00 
6.020382e-01 -9.213338e-01 0.000000e+00 
6.942404e-01 -9.211906e-01 0.000000e+00 
8.724466e-01 -1.000000e+00 0.000000e+00 
7.877349e-01 -9.040554e-01 0.000000e+00 
-9.104366e-01 -7.875529e-01 0.000000e+00 
-1.000000e+00 -6.571572e-01 0.000000e+00 
-9.285778e-01 -6.801151e-01 0.000000e+00 
-7.194177e-01 -8.453248e-01 0.000000e+00 
-7.789975e-01 -7.636898e-01 0.000000e+00 
-8.391731e-01 -7.220767e-01 0.000000e+00 
-5.362191e-01 -8.687523e-01 0.000000e+00 
-6.775020e-01 -7.798540e-01 0.000000e+00 
-6.103394e-01 -7.943046e-01 0.000000e+00 
-5.487224e-01 -8.073141e-01 0.000000e+00 
-3.772928e-01 -8.767459e-01 0.000000e+00 
-4.667050e-01 -8.151515e-01 0.000000e+00 
-4.016903e-01 -8.158920e-01 0.000000e+00 
-2.245297e-01 -8.736368e-01 0.000000e+00 
-3.239020e-01 -8.165258e-01 0.000000e+00 
-2.585234e-01 -8.116594e-01 0.000000e+00 
-8.076086e-02 -8.484553e-01 0.000000e+00 
-1.821708e-01 -8.079313e-01 0.000000e+00 
-1.193068e-01 -7.999483e-01 0.000000e+00 
3.505584e-02 -8.430077e-01 0.000000e+00 
-5.459235e-02 -7.651451e-01 0.000000e+00 
4.313445e-02 -7.648435e-01 0.000000e+00 
1.515104e-01 -8.630832e-01 0.000000e+00 
9.714949e-02 -7.974025e-01 0.000000e+00 
2.810799e-01 -8.637495e-01 0.000000e+00 
1.591092e-01 -7.954010e-01 0.000000e+00 
2.303550e-01 -7.943985e-01 0.000000e+00 
4.169890e-01 -8.654653e-01 0.000000e+00 
2.967389e-01 -7.986953e-01 0.000000e+00 
3.677650e-01 -8.055587e-01 0.000000e+00 
5.654190e-01 -8.530398e-01 0.000000e+00 
4.381574e-01 -8.030539e-01 0.000000e+00 
5.140066e-01 -7.955076e-01 0.000000e+00 
5.924758e-01 -7.849011e-01 0.000000e+00 
7.372567e-01 -8.253832e-01 0.000000e+00 
6.708761e-01 -7.604169e-01 0.000000e+00 
9.153441e-01 -9.040125e-01 0.000000e+00 
1.000000e+00 -8.598467e-01 0.000000e+00 
-6.706939e-01 -7.125666e-01 0.000000e+00 
-7.976587e-01 -6.560168e-01 0.000000e+00 
-7.066561e-01 -6.324366e-01 0.000000e+00 
-5.418645e-01 -7.407887e-01 0.000000e+00 
-6.400003e-01 -6.474963e-01 0.000000e+00 
-5.775834e-01 -6.670996e-01 0.000000e+00 
-4.147608e-01 -7.552487e-01 0.000000e+00 
-5.158313e-01 -6.809574e-01 0.000000e+00 
-4.489827e-01 -6.917998e-01 0.000000e+00 
-2.838708e-01 -7.516502e-01 0.000000e+00 
-3.838298e-01 -6.932802e-01 0.000000e+00 
-3.171457e-01 -6.881945e-01 0.000000e+00 
-1.542465e-01 -7.384406e-01 0.000000e+00 
-2.517860e-01 -6.836258e-01 0.000000e+00 
-1.862674e-01 -6.756186e-01 0.000000e+00 
-1.236965e-01 -6.665059e-01 0.000000e+00 
-5.644406e-02 -6.261356e-01 0.000000e+00 
1.751961e-01 -7.316216e-01 0.000000e+00 
6.058442e-02 -6.323058e-01 0.000000e+00 
1.360242e-01 -6.657842e-01 0.000000e+00 
3.191975e-01 -7.367761e-01 0.000000e+00 
2.079176e-01 -6.644971e-01 0.000000e+00 
2.819100e-01 -6.674003e-01 0.000000e+00 
4.210466e-01 -6.835637e-01 0.000000e+00 
4.661019e-01 -7.355396e-01 0.000000e+00 
3.525133e-01 -6.739166e-01 0.000000e+00 
4.970063e-01 -6.752262e-01 0.000000e+00 
3.846763e-01 -6.139870e-01 0.000000e+00 
4.431921e-01 -5.590464e-01 0.000000e+00 
5.166849e-01 -5.996657e-01 0.000000e+00 
5.607387e-01 -6.521483e-01 0.000000e+00 
6.205610e-01 -7.025468e-01 0.000000e+00 
7.645161e-01 -7.426418e-01 0.000000e+00 
8.432305e-01 -7.088016e-01 0.000000e+00 
9.153798e-01 -7.638197e-01 0.000000e+00 
-9.286831e-01 -5.912027e-01 0.000000e+00 
-1.000000e+00 -5.099769e-01 0.000000e+00 
-9.396846e-01 -5.098734e-01 0.000000e+00 
-7.668481e-01 -5.900513e-01 0.000000e+00 
-8.688532e-01 -5.325469e-01 0.000000e+00 
-8.139951e-01 -5.548160e-01 0.000000e+00 
-6.145011e-01 -5.867380e-01 0.000000e+00 
-7.237605e-01 -5.309968e-01 0.000000e+00 
-6.501698e-01 -5.050775e-01 0.000000e+00 
-4.859224e-01 -6.183128e-01 0.000000e+00 
-5.884980e-01 -5.255006e-01 0.000000e+00 
-5.279884e-01 -5.524874e-01 0.000000e+00 
-3.529116e-01 -6.252674e-01 0.000000e+00 
-4.619028e-01 -5.644482e-01 0.000000e+00 
-3.958486e-01 -5.627638e-01 0.000000e+00 
-2.217709e-01 -6.130221e-01 0.000000e+00 
-3.302422e-01 -5.586389e-01 0.000000e+00 
-2.645899e-01 -5.501534e-01 0.000000e+00 
-9.381713e-02 -5.821573e-01 0.000000e+00 
-2.001224e-01 -5.423090e-01 0.000000e+00 
-1.340223e-01 -5.355297e-01 0.000000e+00 
-7.801983e-02 -4.936518e-01 0.000000e+00 
9.913651e-02 -5.827817e-01 0.000000e+00 
7.908600e-02 -4.934139e-01 0.000000e+00 
2.434226e-01 -6.024277e-01 0.000000e+00 
1.412772e-01 -5.337412e-01 0.000000e+00 
2.194704e-01 -5.382189e-01 0.000000e+00 
3.759372e-01 -5.505423e-01 0.000000e+00 
2.925988e-01 -5.411914e-01 0.000000e+00 
5.068788e-01 -5.351761e-01 0.000000e+00 
3.521360e-01 -4.863127e-01 0.000000e+00 
4.677496e-01 -4.371504e-01 0.000000e+00 
5.199668e-01 -4.730065e-01 0.000000e+00 
3.966006e-01 -4.295610e-01 0.000000e+00 
6.391765e-01 -6.265823e-01 0.000000e+00 
5.925103e-01 -5.137995e-01 0.000000e+00 
6.560082e-01 -5.487920e-01 0.000000e+00 
7.775072e-01 -6.431418e-01 0.000000e+00 
7.149235e-01 -5.999318e-01 0.000000e+00 
9.276984e-01 -6.645373e-01 0.000000e+00 
7.932458e-01 -5.652360e-01 0.000000e+00 
8.636366e-01 -5.321622e-01 0.000000e+00 
9.278271e-01 -5.667882e-01 0.000000e+00 
1.000000e+00 -6.224292e-01 0.000000e+00 
-9.397476e-01 -4.506722e-01 0.000000e+00 
-1.000000e+00 -3.949424e-01 0.000000e+00 
-8.254647e-01 -4.725961e-01 0.000000e+00 
-9.398295e-01 -3.936485e-01 0.000000e+00 
-8.733642e-01 -3.798500e-01 0.000000e+00 
-8.111123e-01 -4.079363e-01 0.000000e+00 
-6.975333e-01 -4.687455e-01 0.000000e+00 
-7.568016e-01 -4.308833e-01 0.000000e+00 
-5.644622e-01 -4.706061e-01 0.000000e+00 
-6.840171e-01 -4.046153e-01 0.000000e+00 
-6.176321e-01 -3.739167e-01 0.000000e+00 
-5.552767e-01 -4.085700e-01 0.000000e+00 
-4.388963e-01 -4.969678e-01 0.000000e+00 
-4.950212e-01 -4.363419e-01 0.000000e+00 
-3.082005e-01 -4.875816e-01 0.000000e+00 
-4.303204e-01 -4.362249e-01 0.000000e+00 
-3.613600e-01 -4.277141e-01 0.000000e+00 
-1.785756e-01 -4.739426e-01 0.000000e+00 
-2.962323e-01 -4.182007e-01 0.000000e+00 
-2.290863e-01 -4.093541e-01 0.000000e+00 
-1.688640e-01 -3.966048e-01 0.000000e+00 
1.927313e-01 -4.734142e-01 0.000000e+00 
1.701479e-01 -3.973711e-01 0.000000e+00 
2.420058e-01 -4.096184e-01 0.000000e+00 
3.133070e-01 -4.189257e-01 0.000000e+00 
5.525497e-01 -4.144305e-01 0.000000e+00 
4.294331e-01 -3.715584e-01 0.000000e+00 
4.860770e-01 -3.164404e-01 0.000000e+00 
5.630924e-01 -3.413215e-01 0.000000e+00 
6.680670e-01 -4.859260e-01 0.000000e+00 
6.152111e-01 -3.772328e-01 0.000000e+00 
6.757421e-01 -4.158522e-01 0.000000e+00 
8.013995e-01 -4.878061e-01 0.000000e+00 
7.384518e-01 -4.518930e-01 0.000000e+00 
9.353922e-01 -4.900249e-01 0.000000e+00 
8.081402e-01 -4.179036e-01 0.000000e+00 
8.735815e-01 -3.794372e-01 0.000000e+00 
9.355127e-01 -4.138560e-01 0.000000e+00 
1.000000e+00 -4.497862e-01 0.000000e+00 
-9.327520e-01 -3.236255e-01 0.000000e+00 
-1.000000e+00 -2.818939e-01 0.000000e+00 
-8.047985e-01 -3.367326e-01 0.000000e+00 
-9.324578e-01 -2.660184e-01 0.000000e+00 
-8.649337e-01 -2.387984e-01 0.000000e+00 
-8.010291e-01 -2.689111e-01 0.000000e+00 
-6.769804e-01 -3.344490e-01 0.000000e+00 
-7.396578e-01 -2.984515e-01 0.000000e+00 
-5.490864e-01 -3.396637e-01 0.000000e+00 
-6.738172e-01 -2.667798e-01 0.000000e+00 
-6.036772e-01 -2.368882e-01 0.000000e+00 
-5.410658e-01 -2.756002e-01 0.000000e+00 
-4.164612e-01 -3.693435e-01 0.000000e+00 
-4.788241e-01 -3.096762e-01 0.000000e+00 
-2.834856e-01 -3.467018e-01 0.000000e+00 
-4.141017e-01 -3.077726e-01 0.000000e+00 
-3.416217e-01 -2.897802e-01 0.000000e+00 
-2.753581e-01 -2.771428e-01 0.000000e+00 
2.871701e-01 -3.507721e-01 0.000000e+00 
2.728282e-01 -2.795037e-01 0.000000e+00 
4.140258e-01 -3.086653e-01 0.000000e+00 
3.436820e-01 -2.933988e-01 0.000000e+00 
5.486566e-01 -2.783571e-01 0.000000e+00 
4.029367e-01 -2.370321e-01 0.000000e+00 
4.689648e-01 -1.855124e-01 0.000000e+00 
5.326729e-01 -2.145647e-01 0.000000e+00 
6.850650e-01 -3.417440e-01 0.000000e+00 
6.097556e-01 -2.391919e-01 0.000000e+00 
6.875446e-01 -2.686493e-01 0.000000e+00 
8.104994e-01 -3.418666e-01 0.000000e+00 
7.479140e-01 -3.086275e-01 0.000000e+00 
9.373289e-01 -3.392380e-01 0.000000e+00 
8.124821e-01 -2.689270e-01 0.000000e+00 
8.747329e-01 -2.281756e-01 0.000000e+00 
9.369248e-01 -2.607403e-01 0.000000e+00 
1.000000e+00 -2.970265e-01 0.000000e+00 
-9.312443e-01 -1.965032e-01 0.000000e+00 
-1.000000e+00 -1.675267e-01 0.000000e+00 
-7.992880e-01 -1.981548e-01 0.000000e+00 
-9.327029e-01 -1.389445e-01 0.000000e+00 
-8.445862e-01 -1.040369e-01 0.000000e+00 
-7.906343e-01 -1.344163e-01 0.000000e+00 
-6.653367e-01 -1.988002e-01 0.000000e+00 
-7.271011e-01 -1.654759e-01 0.000000e+00 
-5.329919e-01 -2.089279e-01 0.000000e+00 
-6.555998e-01 -1.354215e-01 0.000000e+00 
-5.799373e-01 -9.959593e-02 0.000000e+00 
-5.300771e-01 -1.410929e-01 0.000000e+00 
-4.021877e-01 -2.344690e-01 0.000000e+00 
-4.674422e-01 -1.814150e-01 0.000000e+00 
-3.929685e-01 -1.728730e-01 0.000000e+00 
3.929054e-01 -1.732061e-01 0.000000e+00 
5.303191e-01 -1.450815e-01 0.000000e+00 
4.931838e-01 -8.070544e-02 0.000000e+00 
6.719450e-01 -2.035268e-01 0.000000e+00 
5.813258e-01 -1.026582e-01 0.000000e+00 
6.531720e-01 -1.432358e-01 0.000000e+00 
8.115790e-01 -1.926191e-01 0.000000e+00 
7.317263e-01 -1.732503e-01 0.000000e+00 
9.365733e-01 -1.859992e-01 0.000000e+00 
7.932485e-01 -1.317832e-01 0.000000e+00 
8.414431e-01 -9.339278e-02 0.000000e+00 
9.376028e-01 -1.079775e-01 0.000000e+00 
1.000000e+00 -1.408203e-01 0.000000e+00 
-9.176575e-01 -7.531240e-02 0.000000e+00 
-1.000000e+00 -5.554247e-02 0.000000e+00 
-7.591291e-01 -7.095669e-02 0.000000e+00 
-9.158715e-01 -2.568954e-02 0.000000e+00 
-8.496240e-01 6.409155e-03 0.000000e+00 
-7.841220e-01 2.281663e-02 0.000000e+00 
-6.242947e-01 -6.108314e-02 0.000000e+00 
-4.926851e-01 -7.899458e-02 0.000000e+00 
6.267344e-01 -6.648070e-02 0.000000e+00 
7.489785e-01 -7.247904e-02 0.000000e+00 
9.076125e-01 -5.053249e-02 0.000000e+00 
7.746741e-01 2.949201e-02 0.000000e+00 
8.500240e-01 9.342050e-04 0.000000e+00 
9.459050e-01 -9.691405e-03 0.000000e+00 
1.000000e+00 2.169335e-02 0.000000e+00 
-9.394319e-01 2.751920e-02 0.000000e+00 
-1.000000e+00 6.172099e-02 0.000000e+00 
-8.237557e-01 7.246470e-02 0.000000e+00 
-9.426463e-01 8.926278e-02 0.000000e+00 
-8.763802e-01 1.287462e-01 0.000000e+00 
-8.196230e-01 1.429885e-01 0.000000e+00 
-7.116130e-01 1.142974e-01 0.000000e+00 
-7.613663e-01 1.657160e-01 0.000000e+00 
-6.078002e-01 8.676855e-02 0.000000e+00 
-5.612361e-01 1.223300e-01 0.000000e+00 
-4.868599e-01 8.846231e-02 0.000000e+00 
4.612372e-01 1.154218e-01 0.000000e+00 
5.337875e-01 1.361431e-01 0.000000e+00 
5.875150e-01 9.478237e-02 0.000000e+00 
8.291507e-01 6.818754e-02 0.000000e+00 
6.986546e-01 1.179558e-01 0.000000e+00 
8.157422e-01 1.405161e-01 0.000000e+00 
7.434646e-01 1.701374e-01 0.000000e+00 
9.499162e-01 7.118230e-02 0.000000e+00 
8.817175e-01 1.134411e-01 0.000000e+00 
9.333517e-01 1.450136e-01 0.000000e+00 
1.000000e+00 1.790020e-01 0.000000e+00 
-9.352402e-01 1.614310e-01 0.000000e+00 
-1.000000e+00 1.835077e-01 0.000000e+00 
-9.353434e-01 2.207688e-01 0.000000e+00 
-8.127395e-01 2.227364e-01 0.000000e+00 
-8.710276e-01 2.727586e-01 0.000000e+00 
-6.054967e-01 1.758594e-01 0.000000e+00 
-7.065306e-01 1.947677e-01 0.000000e+00 
-6.483393e-01 2.263590e-01 0.000000e+00 
-5.037186e-01 1.660316e-01 0.000000e+00 
-5.936563e-01 2.577669e-01 0.000000e+00 
-5.294941e-01 2.892777e-01 0.000000e+00 
-4.927533e-01 2.389815e-01 0.000000e+00 
-3.811858e-01 1.821287e-01 0.000000e+00 
-4.436820e-01 1.982597e-01 0.000000e+00 
-3.766419e-01 2.509373e-01 0.000000e+00 
-3.325160e-01 3.078904e-01 0.000000e+00 
-2.630728e-01 2.885786e-01 0.000000e+00 
4.610371e-01 1.909864e-01 0.000000e+00 
3.282835e-01 2.265433e-01 0.000000e+00 
4.046540e-01 2.440207e-01 0.000000e+00 
5.786335e-01 1.818257e-01 0.000000e+00 
4.641946e-01 2.690724e-01 0.000000e+00 
5.506079e-01 2.786828e-01 0.000000e+00 
6.104556e-01 2.419127e-01 0.000000e+00 
6.789971e-01 1.953939e-01 0.000000e+00 
9.335474e-01 2.193435e-01 0.000000e+00 
7.944908e-01 2.160119e-01 0.000000e+00 
8.640854e-01 2.555093e-01 0.000000e+00 
9.295458e-01 2.870626e-01 0.000000e+00 
1.000000e+00 3.236281e-01 0.000000e+00 
-1.000000e+00 2.974216e-01 0.000000e+00 
-9.346279e-01 2.923607e-01 0.000000e+00 
-6.952875e-01 2.774486e-01 0.000000e+00 
-8.124951e-01 2.959449e-01 0.000000e+00 
-7.479081e-01 3.239292e-01 0.000000e+00 
-5.711810e-01 3.401072e-01 0.000000e+00 
-6.879705e-01 3.544811e-01 0.000000e+00 
-6.169897e-01 3.840456e-01 0.000000e+00 
-4.707830e-01 3.201428e-01 0.000000e+00 
-4.285309e-01 3.757036e-01 0.000000e+00 
-5.516897e-01 4.140283e-01 0.000000e+00 
-4.697698e-01 4.325326e-01 0.000000e+00 
-3.918957e-01 3.241549e-01 0.000000e+00 
-2.802727e-01 3.625470e-01 0.000000e+00 
-3.915075e-01 4.371495e-01 0.000000e+00 
-3.064910e-01 4.297092e-01 0.000000e+00 
-2.364131e-01 4.153442e-01 0.000000e+00 
-1.655572e-01 4.013125e-01 0.000000e+00 
3.378518e-01 3.031684e-01 0.000000e+00 
2.055250e-01 3.534056e-01 0.000000e+00 
2.809071e-01 3.611609e-01 0.000000e+00 
4.964884e-01 3.304469e-01 0.000000e+00 
3.550964e-01 3.768616e-01 0.000000e+00 
4.349958e-01 3.876303e-01 0.000000e+00 
6.521111e-01 2.934258e-01 0.000000e+00 
5.202487e-01 3.974086e-01 0.000000e+00 
5.915569e-01 4.167770e-01 0.000000e+00 
6.521050e-01 3.627348e-01 0.000000e+00 
7.911742e-01 2.856637e-01 0.000000e+00 
7.231173e-01 3.179561e-01 0.000000e+00 
9.295455e-01 3.591135e-01 0.000000e+00 
7.917719e-01 3.549249e-01 0.000000e+00 
8.637531e-01 3.945188e-01 0.000000e+00 
9.334039e-01 4.288966e-01 0.000000e+00 
1.000000e+00 4.671237e-01 0.000000e+00 
-9.346509e-01 3.483351e-01 0.000000e+00 
-1.000000e+00 4.070983e-01 0.000000e+00 
-8.051853e-01 3.721592e-01 0.000000e+00 
-9.346180e-01 4.036702e-01 0.000000e+00 
-8.658365e-01 4.157950e-01 0.000000e+00 
-6.693488e-01 4.288128e-01 0.000000e+00 
-8.005044e-01 4.427978e-01 0.000000e+00 
-7.288751e-01 4.691150e-01 0.000000e+00 
-5.151738e-01 4.759106e-01 0.000000e+00 
-6.573940e-01 4.974230e-01 0.000000e+00 
-5.821578e-01 5.214033e-01 0.000000e+00 
-3.485049e-01 4.882020e-01 0.000000e+00 
-4.992412e-01 5.387642e-01 0.000000e+00 
-4.367372e-01 5.594121e-01 0.000000e+00 
-3.726979e-01 5.508404e-01 0.000000e+00 
-1.885513e-01 4.768262e-01 0.000000e+00 
-2.876221e-01 5.446786e-01 0.000000e+00 
-2.161821e-01 5.400936e-01 0.000000e+00 
-1.394589e-01 5.334562e-01 0.000000e+00 
-7.711183e-02 4.938646e-01 0.000000e+00 
2.227560e-01 4.311961e-01 0.000000e+00 
1.006061e-01 4.754063e-01 0.000000e+00 
1.724779e-01 4.963752e-01 0.000000e+00 
3.796709e-01 4.444222e-01 0.000000e+00 
2.510047e-01 4.971992e-01 0.000000e+00 
3.265199e-01 5.057658e-01 0.000000e+00 
5.301519e-01 4.734327e-01 0.000000e+00 
4.060277e-01 5.158742e-01 0.000000e+00 
4.803493e-01 5.257359e-01 0.000000e+00 
6.631814e-01 4.403109e-01 0.000000e+00 
5.528095e-01 5.458331e-01 0.000000e+00 
6.687152e-01 5.078041e-01 0.000000e+00 
6.343180e-01 5.760452e-01 0.000000e+00 
7.950279e-01 4.253681e-01 0.000000e+00 
7.292090e-01 4.551045e-01 0.000000e+00 
9.333180e-01 5.022095e-01 0.000000e+00 
8.013725e-01 4.933541e-01 0.000000e+00 
8.565191e-01 5.436211e-01 0.000000e+00 
9.227401e-01 5.805370e-01 0.000000e+00 
1.000000e+00 6.358071e-01 0.000000e+00 
-9.304205e-01 4.733546e-01 0.000000e+00 
-1.000000e+00 5.218890e-01 0.000000e+00 
-7.895002e-01 5.113826e-01 0.000000e+00 
-9.303202e-01 5.342170e-01 0.000000e+00 
-8.498104e-01 5.614456e-01 0.000000e+00 
-6.424462e-01 5.609115e-01 0.000000e+00 
-7.774979e-01 5.868693e-01 0.000000e+00 
-6.964716e-01 6.140787e-01 0.000000e+00 
-5.045155e-01 6.047059e-01 0.000000e+00 
-6.210471e-01 6.369397e-01 0.000000e+00 
-5.446251e-01 6.604927e-01 0.000000e+00 
-3.768054e-01 6.158321e-01 0.000000e+00 
-4.819591e-01 6.803602e-01 0.000000e+00 
-4.090066e-01 6.865047e-01 0.000000e+00 
-2.405159e-01 6.028036e-01 0.000000e+00 
-3.435434e-01 6.769504e-01 0.000000e+00 
-2.749900e-01 6.699577e-01 0.000000e+00 
-9.815457e-02 5.822373e-01 0.000000e+00 
-2.027477e-01 6.653803e-01 0.000000e+00 
-1.348434e-01 6.600376e-01 0.000000e+00 
-5.979328e-02 6.274064e-01 0.000000e+00 
1.216922e-01 5.618163e-01 0.000000e+00 
7.596891e-02 6.160383e-01 0.000000e+00 
2.773174e-01 5.691783e-01 0.000000e+00 
1.596023e-01 6.291236e-01 0.000000e+00 
2.278714e-01 6.348497e-01 0.000000e+00 
4.278144e-01 5.870940e-01 0.000000e+00 
3.046653e-01 6.428220e-01 0.000000e+00 
3.728998e-01 6.488270e-01 0.000000e+00 
4.487494e-01 6.599106e-01 0.000000e+00 
5.163937e-01 6.643853e-01 0.000000e+00 
5.852041e-01 6.277535e-01 0.000000e+00 
7.013095e-01 5.908765e-01 0.000000e+00 
7.901639e-01 5.724093e-01 0.000000e+00 
-9.189985e-01 6.090291e-01 0.000000e+00 
-1.000000e+00 6.688506e-01 0.000000e+00 
-7.571634e-01 6.630414e-01 0.000000e+00 
-9.188575e-01 6.961034e-01 0.000000e+00 
-8.230998e-01 7.268845e-01 0.000000e+00 
-5.995498e-01 7.129853e-01 0.000000e+00 
-7.417479e-01 7.532164e-01 0.000000e+00 
-6.478736e-01 7.692265e-01 0.000000e+00 
-4.501640e-01 7.417403e-01 0.000000e+00 
-5.715968e-01 7.917643e-01 0.000000e+00 
-4.922503e-01 8.024881e-01 0.000000e+00 
-3.080586e-01 7.401969e-01 0.000000e+00 
-4.194397e-01 8.078302e-01 0.000000e+00 
-3.446199e-01 8.078773e-01 0.000000e+00 
-1.697070e-01 7.283738e-01 0.000000e+00 
-2.755006e-01 8.003357e-01 0.000000e+00 
-2.041108e-01 7.970138e-01 0.000000e+00 
-1.362129e-01 7.925874e-01 0.000000e+00 
-7.044279e-02 7.659411e-01 0.000000e+00 
1.875223e-01 7.020744e-01 0.000000e+00 
9.023684e-02 7.623919e-01 0.000000e+00 
1.531020e-01 7.700861e-01 0.000000e+00 
3.258841e-01 7.148876e-01 0.000000e+00 
2.206987e-01 7.776048e-01 0.000000e+00 
2.898808e-01 7.818470e-01 0.000000e+00 
4.626294e-01 7.260381e-01 0.000000e+00 
3.589099e-01 7.886691e-01 0.000000e+00 
4.315666e-01 7.918249e-01 0.000000e+00 
5.990696e-01 6.947907e-01 0.000000e+00 
4.997025e-01 7.969763e-01 0.000000e+00 
5.815467e-01 7.837559e-01 0.000000e+00 
7.384043e-01 7.296976e-01 0.000000e+00 
7.566086e-01 6.400097e-01 0.000000e+00 
6.497228e-01 7.479928e-01 0.000000e+00 
8.278791e-01 7.120241e-01 0.000000e+00 
7.217125e-01 8.192563e-01 0.000000e+00 
7.813837e-01 9.007592e-01 0.000000e+00 
9.051196e-01 7.666677e-01 0.000000e+00 
9.050679e-01 9.007142e-01 0.000000e+00 
9.225911e-01 6.772092e-01 0.000000e+00 
-9.041011e-01 7.861935e-01 0.000000e+00 
-1.000000e+00 8.777858e-01 0.000000e+00 
-7.145313e-01 8.324970e-01 0.000000e+00 
-9.040733e-01 9.084192e-01 0.000000e+00 
-7.790132e-01 9.084668e-01 0.000000e+00 
-5.417009e-01 8.585426e-01 0.000000e+00 
-6.854287e-01 9.238126e-01 0.000000e+00 
-5.969866e-01 9.239405e-01 0.000000e+00 
-3.882343e-01 8.687082e-01 0.000000e+00 
-5.184862e-01 9.340680e-01 0.000000e+00 
-4.589205e-01 9.341320e-01 0.000000e+00 
-4.032827e-01 9.342119e-01 0.000000e+00 
-2.430877e-01 8.650824e-01 0.000000e+00 
-3.298858e-01 9.336464e-01 0.000000e+00 
-2.699087e-01 9.333281e-01 0.000000e+00 
-1.055438e-01 8.483276e-01 0.000000e+00 
-1.996854e-01 9.305408e-01 0.000000e+00 
-1.401011e-01 9.320545e-01 0.000000e+00 
8.591920e-03 8.301566e-01 0.000000e+00 
-7.445727e-02 9.228370e-01 0.000000e+00 
-2.014448e-02 9.210256e-01 0.000000e+00 
1.237263e-01 8.421722e-01 0.000000e+00 
3.405218e-02 9.158860e-01 0.000000e+00 
8.870671e-02 9.206085e-01 0.000000e+00 
2.561506e-01 8.521079e-01 0.000000e+00 
1.534710e-01 9.235250e-01 0.000000e+00 
2.112999e-01 9.236079e-01 0.000000e+00 
3.972902e-01 8.593458e-01 0.000000e+00 
2.789803e-01 9.273014e-01 0.000000e+00 
3.355838e-01 9.273124e-01 0.000000e+00 
3.908392e-01 9.272840e-01 0.000000e+00 
5.514651e-01 8.500201e-01 0.000000e+00 
4.627340e-01 9.311111e-01 0.000000e+00 
5.229913e-01 9.310227e-01 0.000000e+00 
6.928823e-01 9.183291e-01 0.000000e+00 
6.040973e-01 9.184712e-01 0.000000e+00 
6.643444e-01 1.000000e+00 0.000000e+00 
8.763606e-01 1.000000e+00 0.000000e+00 
1.000000e+00 8.660005e-01 0.000000e+00 
-8.750119e-01 1.000000e+00 0.000000e+00 
-6.619938e-01 1.000000e+00 0.000000e+00 
-5.150291e-01 1.000000e+00 0.000000e+00 
-4.011118e-01 1.000000e+00 0.000000e+00 
-2.870864e-01 1.000000e+00 0.000000e+00 
-1.682277e-01 1.000000e+00 0.000000e+00 
-4.973336e-02 1.000000e+00 0.000000e+00 
6.563594e-02 1.000000e+00 0.000000e+00 
1.794200e-01 1.000000e+00 0.000000e+00 
2.922142e-01 1.000000e+00 0.000000e+00 
4.023251e-01 1.000000e+00 0.000000e+00 
5.163514e-01 1.000000e+00 0.000000e+00 

