x y p
  -6.7291970e-01   1.3299890e-04  -8.2570100e-01
   6.7299400e-01   2.0904760e-04  -7.1638400e-01
   2.0934980e-05   6.7285420e-01  -9.9394250e-01
   6.6283340e-05  -6.7297870e-01  -1.0938440e+00
  -1.0000000e+00  -1.0000000e+00  -4.0173810e-02
  -7.3692610e-01  -1.0000000e+00  -2.8952000e-02
  -5.5219700e-01  -1.0000000e+00  -3.3943870e-03
  -4.2639710e-01  -1.0000000e+00  -3.1910260e-03
  -3.1001820e-01  -1.0000000e+00  -2.4766620e-01
  -1.9183600e-01  -1.0000000e+00  -1.2443150e-01
  -6.8162450e-02  -1.0000000e+00  -1.0614350e+00
   4.9957680e-02  -1.0000000e+00  -1.0638860e+00
   1.7746990e-01  -1.0000000e+00  -5.1734660e-01
   3.0217560e-01  -1.0000000e+00  -1.1221390e-01
   4.3173640e-01  -1.0000000e+00  -3.6093620e-02
   5.6134700e-01  -1.0000000e+00  -2.8336350e-03
   7.4489320e-01  -1.0000000e+00  -2.7968670e-02
  -1.0000000e+00  -7.4570460e-01  -2.7464870e-02
  -8.2078140e-01  -8.2950700e-01  -3.8787760e-02
  -6.1817550e-01  -8.6064180e-01  -4.8783860e-02
  -4.5696580e-01  -8.7499800e-01  -1.0394230e-01
  -3.0571830e-01  -8.7561780e-01  -2.0383790e-01
  -1.5847300e-01  -8.6958070e-01  -1.0794650e+00
  -2.0185670e-02  -8.4499340e-01  -1.5026210e+00
   9.8955750e-02  -8.6682490e-01  -1.2458290e+00
   2.2449210e-01  -8.5735630e-01  -6.7602890e-01
   3.5216490e-01  -8.6556420e-01  -2.5024110e-01
   4.8944670e-01  -8.6186230e-01  -9.5112530e-02
   6.4403450e-01  -8.4212300e-01  -5.5316120e-02
   1.0000000e+00  -1.0000000e+00  -4.4576570e-02
  -7.3669220e-01  -6.9770770e-01  -5.7287960e-02
  -6.0336190e-01  -7.2555700e-01  -6.3872090e-02
  -4.8160940e-01  -7.5065890e-01  -9.7442880e-02
  -3.5462070e-01  -7.5108130e-01  -1.9625250e-01
  -2.2823850e-01  -7.4133660e-01  -3.6538590e-01
  -1.0517760e-01  -7.2784010e-01  -6.7403190e-01
   1.1662170e-01  -7.2874730e-01  -6.7971440e-01
   2.5654350e-01  -7.2312080e-01  -2.5906200e-01
   3.9405950e-01  -7.3811060e-01  -1.6794210e-01
   4.5201060e-01  -6.1642410e-01  -5.8532160e-02
   5.4256030e-01  -7.2442100e-01  -8.6715920e-02
   8.3067690e-01  -8.0799860e-01  -4.3414440e-02
  -1.0000000e+00  -5.6860980e-01  -1.5046750e-03
  -8.5694520e-01  -6.1498260e-01  -4.3455150e-02
  -6.7334820e-01  -5.6650920e-01  -7.1231040e-02
  -5.4959990e-01  -6.0320670e-01  -5.9754190e-02
  -4.1874640e-01  -6.2218450e-01  -6.3076080e-02
  -2.8927000e-01  -6.0985780e-01  -9.5104030e-02
  -1.6283900e-01  -5.9511240e-01   4.9458510e-02
  -4.7767420e-02  -5.5696150e-01   1.1590980e+00
   4.8198940e-02  -5.5617680e-01   1.1269380e+00
   1.7536530e-01  -5.8810980e-01   4.7321190e-02
   3.1763690e-01  -5.9425220e-01  -9.8591640e-02
   4.2781720e-01  -4.8602580e-01  -1.5404580e-02
   5.7682140e-01  -5.7276950e-01  -6.1461080e-02
   6.9777600e-01  -6.7670330e-01  -6.3390970e-02
   8.5516250e-01  -6.0978940e-01  -5.5185900e-02
   1.0000000e+00  -7.1969340e-01  -3.5101130e-02
  -1.0000000e+00  -4.5134400e-01   6.2967870e-02
  -8.7891160e-01  -4.5317410e-01  -8.1255720e-02
  -7.6805600e-01  -4.9736010e-01  -8.4591150e-02
  -6.1769980e-01  -4.4314070e-01  -7.0932050e-02
  -4.9778690e-01  -4.9260280e-01  -3.6975860e-02
  -3.6712130e-01  -4.8429940e-01   4.1809690e-02
  -2.3808460e-01  -4.6518360e-01   3.3367670e-01
  -1.1553760e-01  -4.3544570e-01   1.6020740e-01
   1.1776390e-01  -4.3197970e-01   1.6252940e-01
   2.6341110e-01  -4.6302040e-01   3.2618790e-01
   4.8934410e-01  -3.7276530e-01   3.0208450e-02
   5.9815160e-01  -4.4928660e-01  -4.0276250e-02
   7.2797550e-01  -5.2253150e-01  -8.2349710e-02
   8.7010380e-01  -4.5743680e-01  -9.9619250e-02
   1.0000000e+00  -5.2516490e-01   1.3535480e-02
  -1.0000000e+00  -3.3854080e-01  -1.5649900e-01
  -8.6480370e-01  -3.1477760e-01  -1.4803510e-01
  -7.3762780e-01  -3.7102600e-01  -1.7800440e-01
  -6.0015230e-01  -3.0625940e-01  -6.7307350e-02
  -4.7571870e-01  -3.6922340e-01   1.5268310e-02
  -3.3740190e-01  -3.4642650e-01   1.7335450e-01
  -2.0351970e-01  -3.1663910e-01   2.3870500e-01
   2.0413730e-01  -3.1587740e-01   2.5593400e-01
   3.4598870e-01  -3.5207260e-01   1.4040700e-01
   4.5734340e-01  -2.4793540e-01   3.2801610e-01
   6.1481520e-01  -3.0573250e-01  -1.1969570e-01
   7.4048640e-01  -3.8582910e-01  -1.6339830e-01
   8.7407150e-01  -3.0944320e-01  -1.7012600e-01
   1.0000000e+00  -3.7440760e-01  -1.1032100e-01
  -1.0000000e+00  -2.2524700e-01   2.7197270e-02
  -8.6158420e-01  -1.7873220e-01  -1.0901270e+00
  -7.2922140e-01  -2.4022950e-01  -3.0458000e-01
  -5.8297140e-01  -1.7528110e-01   5.4645010e-02
  -4.5440840e-01  -2.4351850e-01   3.2378510e-01
  -3.1114530e-01  -2.0833530e-01   2.3792550e-01
   3.1014800e-01  -2.0914340e-01   2.4675780e-01
   4.3034020e-01  -1.1882860e-01   1.6523780e-01
   5.8285930e-01  -1.7992650e-01   5.9199990e-02
   7.4444640e-01  -2.4470780e-01  -3.3390990e-01
   8.7316230e-01  -1.6191330e-01  -1.0916150e+00
   1.0000000e+00  -2.1964540e-01  -5.8785510e-02
  -1.0000000e+00  -1.0980640e-01  -9.4537090e-01
  -8.4101050e-01  -5.0836280e-02  -1.4369530e+00
  -7.1338680e-01  -1.1581370e-01  -5.1597660e-01
  -5.5557630e-01  -4.8479260e-02   1.0896590e+00
  -4.3176020e-01  -1.1794670e-01   1.6586060e-01
   5.5464800e-01  -4.9012910e-02   1.0482010e+00
   7.0873170e-01  -1.2567890e-01  -4.6885230e-01
   8.2527590e-01  -4.4107480e-02  -1.5560810e+00
   1.0000000e+00  -6.1995330e-02  -1.0099660e+00
  -1.0000000e+00  -1.2785240e-03  -1.1348230e+00
  -8.8244260e-01   6.5732820e-02  -1.0179030e+00
  -7.6782070e-01   9.7900330e-02  -1.5774080e+00
  -5.4599780e-01   5.3099580e-02   7.3497990e-01
   5.1877720e-01   6.6534870e-02   6.0843600e-01
   7.6355620e-01   1.0688890e-01  -1.5133940e+00
   8.9723730e-01   4.7851090e-02  -1.0665430e+00
   1.0000000e+00   1.0538200e-01  -1.0785810e+00
  -1.0000000e+00   1.2472050e-01  -9.1927750e-01
  -8.7022430e-01   2.0856670e-01  -4.3959920e-01
  -6.5256600e-01   1.5274740e-01   6.8558770e-01
  -5.3898310e-01   2.0699780e-01  -7.6916100e-02
  -4.2020130e-01   1.2542110e-01   2.4341060e-01
  -2.9809850e-01   2.1983490e-01   2.4100330e-01
   3.7231490e-01   1.5931410e-01   2.8654710e-01
   5.0505670e-01   2.1703860e-01  -1.4860380e-01
   6.2829810e-01   1.5222040e-01   8.4596470e-01
   8.6650950e-01   1.9559420e-01  -4.2894990e-01
   1.0000000e+00   2.5262200e-01  -2.5879830e-01
  -1.0000000e+00   2.4229500e-01  -3.3819110e-01
  -7.4974010e-01   2.5554830e-01  -4.1288630e-01
  -6.2646310e-01   3.1163410e-01  -2.4657320e-01
  -4.9552990e-01   3.6468620e-01   1.6722320e-01
  -4.2076010e-01   2.6164700e-01   3.0240410e-01
  -3.3904910e-01   3.6840770e-01   1.5027120e-01
  -1.9873960e-01   3.2212790e-01   2.5956910e-01
   2.4707850e-01   2.6896290e-01   2.0733950e-01
   3.9828500e-01   3.1209830e-01   2.8425750e-01
   5.7065220e-01   3.3911370e-01  -7.8633510e-02
   7.1618480e-01   2.5646500e-01  -3.3398430e-01
   8.5803330e-01   3.2979070e-01  -2.5644450e-01
   1.0000000e+00   3.9463420e-01  -2.1916960e-02
  -1.0000000e+00   3.5254810e-01  -7.0109940e-02
  -8.6835440e-01   3.5027020e-01  -2.5366350e-01
  -7.3516190e-01   4.0340820e-01  -1.1330870e-01
  -5.9103600e-01   4.5544260e-01  -2.2413810e-02
  -4.2634330e-01   4.8465030e-01  -2.4854010e-02
  -2.5892830e-01   4.6821470e-01   3.2587670e-01
  -1.1556190e-01   4.3535460e-01   1.7312980e-01
   1.4158910e-01   3.9672290e-01   2.1185730e-01
   2.9185270e-01   4.2140080e-01   2.9624360e-01
   4.5024580e-01   4.4629230e-01   9.5348110e-03
   5.9654030e-01   4.9156550e-01  -7.0853910e-03
   7.1769770e-01   3.9062540e-01  -1.0513690e-01
   8.6597850e-01   4.6722490e-01  -9.2341660e-02
   1.0000000e+00   5.3961320e-01   4.4313700e-03
  -1.0000000e+00   4.6164840e-01  -2.4654230e-02
  -8.6002380e-01   4.8817200e-01  -1.0131560e-01
  -7.1424420e-01   5.3776690e-01  -8.7857730e-02
  -5.6413290e-01   5.8048320e-01  -4.2608630e-02
  -4.4160760e-01   6.1799720e-01  -3.8276880e-02
  -3.1370830e-01   5.9610970e-01  -8.9396500e-02
  -1.7448460e-01   5.8685410e-01   3.3622330e-02
  -4.7237090e-02   5.5820180e-01   1.1246520e+00
   5.7524780e-02   5.3667710e-01   8.8190220e-01
   2.0296850e-01   5.4918870e-01  -2.3579790e-02
   3.5107850e-01   5.6679990e-01   7.3310450e-02
   5.0076960e-01   5.9250090e-01  -3.6496050e-02
   7.3205870e-01   5.2378060e-01  -7.8390090e-02
  -1.0000000e+00   5.8212960e-01  -1.1650930e-02
  -8.3750000e-01   6.3689500e-01  -4.9959230e-02
  -6.7499090e-01   6.8869860e-01  -5.2388920e-02
  -5.2421290e-01   7.3269780e-01  -6.7825260e-02
  -3.8188820e-01   7.4229160e-01  -1.5554150e-01
  -2.4844740e-01   7.2629570e-01  -2.5584410e-01
  -1.1575990e-01   7.1937290e-01  -5.4918270e-01
   1.3088940e-01   6.9038610e-01   1.1287140e-01
   2.6395090e-01   7.0125730e-01  -2.6814240e-01
   3.9769210e-01   7.1582140e-01  -1.3083910e-01
   5.3122870e-01   7.2781840e-01  -6.5450390e-02
   6.6584170e-01   6.5722340e-01  -5.3171450e-02
   8.1012650e-01   8.0139570e-01  -3.0308900e-02
   8.4492130e-01   6.2282340e-01  -3.8443830e-02
  -1.0000000e+00   7.5557170e-01  -2.2426580e-02
  -8.0813410e-01   8.1681010e-01  -3.4650860e-02
  -6.2134700e-01   8.4736670e-01  -3.5270590e-02
  -4.6528620e-01   8.6756610e-01  -6.5894990e-02
  -3.1974700e-01   8.6666880e-01  -1.3888110e-01
  -1.8239150e-01   8.6029540e-01  -1.0516670e+00
  -4.9065780e-02   8.5020410e-01  -1.3456920e+00
   7.0371850e-02   8.3843560e-01  -1.5311610e+00
   1.9708780e-01   8.4647510e-01  -8.0275320e-01
   3.3042520e-01   8.5352300e-01  -2.4462510e-01
   4.7222470e-01   8.6141360e-01  -9.9554670e-02
   6.3345030e-01   8.3639890e-01  -4.1860880e-02
   7.5272130e-01   1.0000000e+00  -1.6504990e-02
   1.0000000e+00   7.3200090e-01  -1.5482880e-02
  -1.0000000e+00   1.0000000e+00  -3.4828750e-02
  -7.5002380e-01   1.0000000e+00  -1.9802850e-02
  -5.7396390e-01   1.0000000e+00   6.8862950e-03
  -4.5609430e-01   1.0000000e+00   7.6659410e-02
  -3.4612940e-01   1.0000000e+00  -1.3498100e-01
  -2.2804340e-01   1.0000000e+00   7.8575200e-02
  -1.0841210e-01   1.0000000e+00  -1.0789450e+00
   8.9453380e-03   1.0000000e+00  -1.0856130e+00
   1.2232650e-01   1.0000000e+00  -4.4175720e-01
   2.3651360e-01   1.0000000e+00  -3.5314120e-01
   3.4791480e-01   1.0000000e+00  -1.2284490e-01
   4.5673530e-01   1.0000000e+00  -1.6347910e-02
   5.7596750e-01   1.0000000e+00   7.5619500e-03
   1.0000000e+00   1.0000000e+00  -3.0102470e-02
  -7.5943140e-01  -2.5016710e-02  -1.1313270e+00
  -6.9520580e-01  -5.7614690e-02  -6.7083880e-01
  -6.1658010e-01  -2.5569060e-02   1.3197890e-01
  -7.2249890e-01   4.8724740e-02  -1.2015550e+00
  -6.1177670e-01   2.7890070e-02  -4.5360550e-02
  -6.6587690e-01   7.6257260e-02  -7.0056690e-02
   6.1604940e-01  -2.5808870e-02   1.6590850e-01
   6.9320250e-01  -6.2568840e-02  -5.9261820e-01
   7.5138550e-01  -2.1706990e-02  -1.1362330e+00
   5.9851400e-01   3.4534680e-02  -5.3974030e-02
   7.2055420e-01   5.3230260e-02  -1.1148890e+00
   6.5365790e-01   7.6080650e-02   6.4790340e-02
  -2.4940220e-02   6.1790870e-01   6.5354780e-02
   3.0179850e-02   6.0731550e-01  -5.6020140e-02
  -5.7551920e-02   6.9814870e-01  -7.7156260e-01
   6.5035350e-02   6.8389800e-01  -4.4053560e-01
  -2.4245540e-02   7.6403400e-01  -1.1698170e+00
   3.4918570e-02   7.5811410e-01  -1.2625520e+00
  -1.0041690e-02  -7.6115500e-01  -1.2982320e+00
  -5.2219070e-02  -7.0222350e-01  -8.8393780e-01
   5.7932910e-02  -7.0283080e-01  -8.8677910e-01
  -2.5104880e-02  -6.1736850e-01   3.2626960e-02
   2.5387910e-02  -6.1696790e-01   1.6547040e-02
  -8.6846310e-01  -1.0000000e+00  -3.4562900e-02
  -1.0000000e+00  -8.7285230e-01  -3.3819340e-02
  -9.1039050e-01  -9.1475320e-01  -3.9480780e-02
  -6.4456160e-01  -1.0000000e+00  -1.6173190e-02
  -7.7885260e-01  -9.1475390e-01  -3.3869880e-02
  -6.7755350e-01  -9.3031640e-01  -3.8867930e-02
  -4.8929700e-01  -1.0000000e+00  -3.2927070e-03
  -5.8517990e-01  -9.3031870e-01  -2.6089120e-02
  -5.0458540e-01  -9.3749000e-01  -5.3668360e-02
  -3.6820770e-01  -1.0000000e+00  -1.2542860e-01
  -4.4167080e-01  -9.3749270e-01  -5.3566680e-02
  -3.6606790e-01  -9.3779830e-01  -1.0351440e-01
  -2.5092710e-01  -1.0000000e+00  -1.8604890e-01
  -3.0785590e-01  -9.3780130e-01  -2.2575200e-01
  -1.2999920e-01  -1.0000000e+00  -5.9293340e-01
  -2.4873180e-01  -9.3778790e-01  -1.6413470e-01
  -1.7511150e-01  -9.3474730e-01  -6.0194840e-01
  -9.1023860e-03  -1.0000000e+00  -1.0626610e+00
  -1.1328720e-01  -9.3475810e-01  -1.0704500e+00
  -4.4091980e-02  -9.2235380e-01  -1.2820280e+00
   1.1371380e-01  -1.0000000e+00  -7.9061640e-01
   1.4692520e-02  -9.2231840e-01  -1.2832540e+00
   7.4300130e-02  -9.3320610e-01  -1.1548570e+00
   2.3982280e-01  -1.0000000e+00  -3.1478030e-01
   1.3813830e-01  -9.3346260e-01  -8.8158760e-01
   2.0091060e-01  -9.2866700e-01  -5.9668780e-01
   3.6695600e-01  -1.0000000e+00  -7.4153760e-02
   2.6330910e-01  -9.2865150e-01  -3.9412140e-01
   3.2713410e-01  -9.3276800e-01  -1.8122750e-01
   4.9654170e-01  -1.0000000e+00  -1.9463630e-02
   3.9194940e-01  -9.3276550e-01  -1.4316740e-01
   4.6057310e-01  -9.3092550e-01  -6.5603070e-02
   6.5312010e-01  -1.0000000e+00  -1.5401150e-02
   5.2539740e-01  -9.3092180e-01  -4.8973080e-02
   6.0268180e-01  -9.2105970e-01  -2.9074880e-02
   6.9446560e-01  -9.2105620e-01  -4.1642400e-02
   8.7244660e-01  -1.0000000e+00  -3.6272620e-02
   7.8778320e-01  -9.0399970e-01  -3.5691560e-02
  -9.1039130e-01  -7.8760480e-01  -3.3126310e-02
  -1.0000000e+00  -6.5715720e-01  -1.4484770e-02
  -9.2846770e-01  -6.8034680e-01  -3.5460010e-02
  -7.1948260e-01  -8.4507310e-01  -4.3785810e-02
  -7.7873330e-01  -7.6360640e-01  -4.8037860e-02
  -8.3886180e-01  -7.2224920e-01  -4.1121450e-02
  -5.3757460e-01  -8.6781970e-01  -7.6363090e-02
  -6.7743290e-01  -7.7918000e-01  -5.3035910e-02
  -6.1076330e-01  -7.9309960e-01  -5.6327970e-02
  -5.4989120e-01  -8.0564250e-01  -7.3113370e-02
  -3.8135140e-01  -8.7530840e-01  -1.5389010e-01
  -4.6927820e-01  -8.1283000e-01  -1.0069260e-01
  -4.0578360e-01  -8.1303210e-01  -1.5009740e-01
  -2.3207070e-01  -8.7258900e-01  -6.4165160e-01
  -3.3015390e-01  -8.1335270e-01  -2.0004520e-01
  -2.6694110e-01  -8.0847740e-01  -2.8461190e-01
  -8.9085300e-02  -8.5730930e-01  -1.2910430e+00
  -1.9330240e-01  -8.0547340e-01  -7.2242560e-01
  -1.3177740e-01  -7.9878900e-01  -8.7674860e-01
   3.9209420e-02  -8.5578570e-01  -1.3742250e+00
  -6.2364930e-02  -7.8614980e-01  -1.0883260e+00
   4.7872830e-02  -7.8643280e-01  -1.0911680e+00
   1.6171570e-01  -8.6210050e-01  -9.6092880e-01
   1.0775020e-01  -7.9779020e-01  -9.6277150e-01
   2.8832840e-01  -8.6146000e-01  -4.6313500e-01
   1.7051620e-01  -7.9309500e-01  -6.7787170e-01
   2.4048770e-01  -7.9024920e-01  -4.6754550e-01
   4.2081100e-01  -8.6371290e-01  -1.7267680e-01
   3.0431790e-01  -7.9434990e-01  -2.5465160e-01
   3.7309860e-01  -8.0184420e-01  -2.0909160e-01
   5.6674520e-01  -8.5199200e-01  -7.5214320e-02
   4.4174120e-01  -7.9998150e-01  -1.3152730e-01
   5.1599510e-01  -7.9314580e-01  -9.0914220e-02
   5.9329310e-01  -7.8326660e-01  -7.1016020e-02
   7.3735930e-01  -8.2505940e-01  -4.9365280e-02
   6.7090060e-01  -7.5941800e-01  -5.9353550e-02
   9.1533840e-01  -9.0399850e-01  -4.3995510e-02
   1.0000000e+00  -8.5984670e-01  -3.9838850e-02
  -6.7003070e-01  -7.1163040e-01  -6.0580030e-02
  -7.9682130e-01  -6.5634380e-01  -5.0371560e-02
  -7.0501470e-01  -6.3210880e-01  -6.4259500e-02
  -5.4248930e-01  -7.3810780e-01  -8.0657480e-02
  -6.3835510e-01  -6.4604020e-01  -6.7551570e-02
  -5.7647560e-01  -6.6438190e-01  -6.1813140e-02
  -4.1811850e-01  -7.5086950e-01  -1.4684770e-01
  -5.1560350e-01  -6.7694070e-01  -7.8598530e-02
  -4.5016850e-01  -6.8642370e-01  -8.0259480e-02
  -2.9142950e-01  -7.4620780e-01  -2.8081920e-01
  -3.8668340e-01  -6.8664180e-01  -1.2966430e-01
  -3.2192790e-01  -6.8048110e-01  -1.4567820e-01
  -1.6671230e-01  -7.3463020e-01  -5.1970890e-01
  -2.5876470e-01  -6.7560490e-01  -2.3024490e-01
  -1.9551990e-01  -6.6825240e-01  -1.5796370e-01
  -1.3406490e-01  -6.6150070e-01  -3.1228670e-01
  -7.7104760e-02  -6.4224230e-01   2.4253290e-01
   1.8658310e-01  -7.2597020e-01  -4.6938820e-01
   8.3021850e-02  -6.4236820e-01   2.2361170e-01
   1.4604670e-01  -6.5845970e-01  -3.1619660e-01
   3.2530160e-01  -7.3061700e-01  -2.1350210e-01
   2.1593920e-01  -6.5564060e-01  -1.0587040e-01
   2.8710170e-01  -6.5869160e-01  -1.7882680e-01
   4.2303540e-01  -6.7727390e-01  -1.1323710e-01
   4.6831440e-01  -7.3126490e-01  -1.2732900e-01
   3.5583370e-01  -6.6618970e-01  -1.3326690e-01
   4.9727900e-01  -6.7042300e-01  -7.2624040e-02
   3.8481920e-01  -6.0534070e-01  -7.8561900e-02
   4.3991340e-01  -5.5122750e-01  -3.6968370e-02
   5.1442030e-01  -5.9459810e-01  -5.9996620e-02
   5.5968840e-01  -6.4860160e-01  -7.4088500e-02
   6.2017420e-01  -7.0056150e-01  -7.5053450e-02
   7.6422180e-01  -7.4234700e-01  -5.3402710e-02
   8.4291820e-01  -7.0889850e-01  -4.9300170e-02
   9.1533910e-01  -7.6384490e-01  -3.9257790e-02
  -9.2847030e-01  -5.9179120e-01  -2.2479910e-02
  -1.0000000e+00  -5.0997690e-01   3.0731600e-02
  -9.3944570e-01  -5.1089940e-01  -4.1380200e-02
  -7.6514470e-01  -5.9073510e-01  -5.7343090e-02
  -8.6792850e-01  -5.3408220e-01  -6.2355430e-02
  -8.1249480e-01  -5.5617150e-01  -6.4023150e-02
  -6.1147820e-01  -5.8485710e-01  -6.5492610e-02
  -7.2070560e-01  -5.3193450e-01  -7.7911100e-02
  -6.4552090e-01  -5.0482350e-01  -7.1081550e-02
  -4.8417650e-01  -6.1269540e-01  -6.1415140e-02
  -5.8365130e-01  -5.2318010e-01  -6.5343120e-02
  -5.2369210e-01  -5.4790480e-01  -4.8365020e-02
  -3.5400420e-01  -6.1602490e-01  -7.9090050e-02
  -4.5827320e-01  -5.5739780e-01  -5.0025970e-02
  -3.9293410e-01  -5.5324750e-01  -1.0633200e-02
  -2.2604240e-01  -6.0250470e-01  -2.2822760e-02
  -3.2820410e-01  -5.4708190e-01  -2.6647170e-02
  -2.6369640e-01  -5.3753970e-01   1.1928630e-01
  -1.0585160e-01  -5.7597660e-01   6.0427810e-01
  -2.0045250e-01  -5.3016210e-01   1.9156760e-01
  -1.3903650e-01  -5.1504780e-01   1.0483290e-01
  -8.1241140e-02  -4.9522760e-01   6.5965250e-01
   1.1233600e-01  -5.7206400e-01   5.8712950e-01
   8.2507520e-02  -4.9308000e-01   6.4473360e-01
   2.4648840e-01  -5.9120130e-01  -2.5635220e-02
   1.4642440e-01  -5.0985330e-01   1.0492530e-01
   2.1937710e-01  -5.2558630e-01   1.8675450e-01
   3.7273350e-01  -5.4014310e-01  -5.6998110e-02
   2.9054010e-01  -5.2865640e-01   1.1379810e-01
   5.0231610e-01  -5.2939850e-01  -3.8432830e-02
   3.4562820e-01  -4.7454400e-01   1.5539170e-01
   4.5858410e-01  -4.2939580e-01   7.4019360e-03
   5.1298550e-01  -4.6766350e-01  -2.7840410e-02
   3.8691450e-01  -4.1905320e-01   6.2501220e-02
   6.3729460e-01  -6.2473160e-01  -6.2426030e-02
   5.8748680e-01  -5.1103140e-01  -5.0868660e-02
   6.5240550e-01  -5.4764900e-01  -7.1905390e-02
   7.7647410e-01  -6.4324220e-01  -5.9288440e-02
   7.1287440e-01  -5.9962340e-01  -7.2870340e-02
   9.2757620e-01  -6.6474430e-01  -4.5143520e-02
   7.9156390e-01  -5.6615550e-01  -6.8767810e-02
   8.6263210e-01  -5.3361680e-01  -7.7402580e-02
   9.2757880e-01  -5.6746920e-01  -2.0825210e-02
   1.0000000e+00  -6.2242920e-01  -1.0782820e-02
  -9.3944770e-01  -4.5225120e-01  -9.1439250e-03
  -1.0000000e+00  -3.9494240e-01  -4.6765560e-02
  -8.2348550e-01  -4.7526000e-01  -8.2923440e-02
  -9.3945490e-01  -3.9583210e-01  -1.1887740e-01
  -8.7185810e-01  -3.8398740e-01  -1.1464540e-01
  -8.0826150e-01  -4.1208620e-01  -1.2963010e-01
  -6.9288010e-01  -4.7023850e-01  -7.7761600e-02
  -7.5283800e-01  -4.3419420e-01  -1.3129780e-01
  -5.5774550e-01  -4.6787430e-01  -5.3953950e-02
  -6.7767150e-01  -4.0708480e-01  -1.2446820e-01
  -6.0892790e-01  -3.7469660e-01  -6.9119700e-02
  -5.4671940e-01  -4.0618580e-01  -2.7831870e-02
  -4.3245340e-01  -4.8845540e-01   2.4169150e-03
  -4.8675940e-01  -4.3091490e-01  -1.0853770e-02
  -3.0261210e-01  -4.7475830e-01   1.8774320e-01
  -4.2142370e-01  -4.2677080e-01   2.8539000e-02
  -3.5227680e-01  -4.1535960e-01   1.0758210e-01
  -1.7661170e-01  -4.5029370e-01   2.4694200e-01
  -2.8776790e-01  -4.0579800e-01   2.5351560e-01
  -2.2070150e-01  -3.9074700e-01   2.8619080e-01
  -1.5892970e-01  -3.7580730e-01   1.9945620e-01
   1.9035570e-01  -4.4751730e-01   2.4435860e-01
   1.6039640e-01  -3.7374440e-01   2.0923170e-01
   2.3372520e-01  -3.8930380e-01   2.9106090e-01
   3.0472090e-01  -4.0753170e-01   2.3329740e-01
   5.4375260e-01  -4.1102360e-01  -5.0339000e-03
   4.1766160e-01  -3.6243720e-01   8.5307730e-02
   4.7336040e-01  -3.1035980e-01   1.7911230e-01
   5.5208340e-01  -3.3925690e-01  -4.4743620e-02
   6.6306480e-01  -4.8590120e-01  -6.1312980e-02
   6.0648660e-01  -3.7750740e-01  -7.9985970e-02
   6.6932850e-01  -4.1755670e-01  -1.0183730e-01
   7.9904360e-01  -4.8997430e-01  -9.0984480e-02
   7.3423100e-01  -4.5418440e-01  -1.2287400e-01
   9.3504340e-01  -4.9130030e-01  -4.3041880e-02
   8.0528910e-01  -4.2162230e-01  -1.3150880e-01
   8.7209000e-01  -3.8345140e-01  -1.3487260e-01
   9.3504990e-01  -4.1590300e-01  -1.0497010e-01
   1.0000000e+00  -4.4978620e-01  -4.8392740e-02
  -9.3239010e-01  -3.2665350e-01  -1.5226710e-01
  -1.0000000e+00  -2.8189390e-01  -6.4650860e-02
  -8.0122090e-01  -3.4288970e-01  -1.6301980e-01
  -9.3237880e-01  -2.6996400e-01  -6.0418930e-02
  -8.6318490e-01  -2.4672570e-01  -6.1908130e-01
  -7.9701510e-01  -2.7746460e-01  -2.2630760e-01
  -6.6890100e-01  -3.3862850e-01  -1.2265590e-01
  -7.3342080e-01  -3.0562790e-01  -2.4129220e-01
  -5.3794310e-01  -3.3775550e-01  -2.6019520e-02
  -6.6469140e-01  -2.7325520e-01  -1.8594370e-01
  -5.9158450e-01  -2.4075880e-01  -6.3311690e-03
  -5.2729790e-01  -2.7490250e-01   1.2823890e-01
  -4.0654820e-01  -3.5785310e-01   9.4311400e-02
  -4.6509750e-01  -3.0637520e-01   1.6952670e-01
  -2.7039120e-01  -3.3140720e-01   2.0602970e-01
  -3.9588550e-01  -2.9507210e-01   2.4856980e-01
  -3.2414080e-01  -2.7730280e-01   2.0564000e-01
  -2.5688560e-01  -2.6202660e-01   2.3831530e-01
   2.7501630e-01  -3.3385420e-01   1.9817050e-01
   2.5673310e-01  -2.6207560e-01   2.5134590e-01
   4.0166000e-01  -3.0003080e-01   2.3421150e-01
   3.2795320e-01  -2.8054520e-01   1.9358240e-01
   5.3610130e-01  -2.7685460e-01   1.0416020e-01
   3.8359000e-01  -2.2845140e-01   2.8738690e-01
   4.4382010e-01  -1.8317650e-01   2.4662690e-01
   5.2011460e-01  -2.1392580e-01   1.9360800e-01
   6.7765870e-01  -3.4576430e-01  -1.4154700e-01
   5.9885880e-01  -2.4281980e-01  -3.0247850e-02
   6.7963700e-01  -2.7522960e-01  -2.2680280e-01
   8.0728500e-01  -3.4762280e-01  -1.6676210e-01
   7.4246240e-01  -3.1527210e-01  -2.4865410e-01
   9.3702570e-01  -3.4193080e-01  -1.4022350e-01
   8.0925820e-01  -2.7704220e-01  -2.5201790e-01
   8.7360910e-01  -2.3564870e-01  -6.3087060e-01
   9.3701400e-01  -2.6450160e-01  -1.1445570e-01
   1.0000000e+00  -2.9702650e-01  -8.4553230e-02
  -9.3074290e-01  -2.0193490e-01  -5.3146510e-01
  -1.0000000e+00  -1.6752670e-01  -4.5908680e-01
  -7.9542830e-01  -2.0943210e-01  -6.9735380e-01
  -9.3075720e-01  -1.4422040e-01  -1.0177490e+00
  -8.5137660e-01  -1.1462110e-01  -1.2635400e+00
  -7.8756710e-01  -1.4722860e-01  -8.0305200e-01
  -6.5612720e-01  -2.0774270e-01  -1.2496750e-01
  -7.2133760e-01  -1.7802450e-01  -4.1027830e-01
  -5.1869630e-01  -2.0939410e-01   1.8921510e-01
  -6.4819510e-01  -1.4559880e-01  -2.3066580e-01
  -5.6915620e-01  -1.1242630e-01   5.7215190e-01
  -5.0715940e-01  -1.4645390e-01   1.1025280e-01
  -3.8260870e-01  -2.2584960e-01   2.8085530e-01
  -4.4306200e-01  -1.8053010e-01   2.4482290e-01
  -3.7121540e-01  -1.6253040e-01   2.0189310e-01
   3.7000190e-01  -1.6338060e-01   2.0599780e-01
   5.0640570e-01  -1.4923630e-01   1.1221890e-01
   4.9153660e-01  -8.3426060e-02   6.0671940e-01
   6.6368860e-01  -2.1230090e-01  -1.3735490e-01
   5.6863680e-01  -1.1498800e-01   5.5370050e-01
   6.4580740e-01  -1.5284380e-01  -2.0482620e-01
   8.0882520e-01  -2.0325650e-01  -7.1276260e-01
   7.2661680e-01  -1.8518880e-01  -4.0138110e-01
   9.3653720e-01  -1.9073990e-01  -5.7520040e-01
   7.9101070e-01  -1.4371920e-01  -7.8023380e-01
   8.4926360e-01  -1.0281440e-01  -1.3238480e+00
   9.3653740e-01  -1.1193890e-01  -1.0507910e+00
   1.0000000e+00  -1.4082030e-01  -5.3437580e-01
  -9.2037370e-01  -8.0248510e-02  -1.1911620e+00
  -1.0000000e+00  -5.5542470e-02  -1.0400970e+00
  -7.7712860e-01  -8.2985560e-02  -9.7646460e-01
  -9.2032720e-01  -2.6217700e-02  -1.2858880e+00
  -8.6142580e-01   7.3469780e-03  -1.2274280e+00
  -8.0387450e-01   2.3568380e-02  -1.5071800e+00
  -6.3434250e-01  -8.2845920e-02   2.8684110e-01
  -4.9267720e-01  -8.2724450e-02   6.2775980e-01
   6.3161480e-01  -8.7993830e-02   2.8967440e-01
   7.6696140e-01  -8.4527710e-02  -1.0124670e+00
   9.1242100e-01  -5.3137540e-02  -1.2830240e+00
   7.9392180e-01   3.1321280e-02  -1.5347380e+00
   8.6096100e-01   1.7658730e-03  -1.3113120e+00
   9.4845970e-01  -7.0216040e-03  -1.0382550e+00
   1.0000000e+00   2.1693350e-02  -1.0442740e+00
  -9.4115090e-01   3.2156500e-02  -1.0763630e+00
  -1.0000000e+00   6.1720990e-02  -1.0270500e+00
  -8.2504480e-01   8.1822820e-02  -1.2976550e+00
  -9.4130770e-01   9.5161240e-02  -9.6859010e-01
  -8.7635140e-01   1.3714710e-01  -7.2875090e-01
  -8.1899590e-01   1.5317930e-01  -1.0085040e+00
  -7.1031790e-01   1.2525210e-01  -4.4591030e-01
  -7.5882110e-01   1.7666860e-01  -9.9514730e-01
  -5.9901470e-01   1.0326200e-01   7.1028380e-01
  -5.4202710e-01   1.3039090e-01   3.2903190e-01
  -4.8222280e-01   8.8760580e-02   4.8919530e-01
   4.4458390e-01   1.1252200e-01   4.4749150e-01
   5.1147400e-01   1.4211010e-01   2.2991610e-01
   5.7318910e-01   1.0967900e-01   7.2720030e-01
   8.3028560e-01   7.7355240e-02  -1.2899690e+00
   6.9607160e-01   1.2951130e-01  -3.3371460e-01
   8.1500440e-01   1.5118570e-01  -9.7117190e-01
   7.3992100e-01   1.8162400e-01  -9.2368910e-01
   9.4869560e-01   7.6569540e-02  -1.0725620e+00
   8.8187470e-01   1.2172090e-01  -7.4774650e-01
   9.3325580e-01   1.5041950e-01  -7.5376540e-01
   1.0000000e+00   1.7900200e-01  -6.6868960e-01
  -9.3511330e-01   1.6657900e-01  -6.7943840e-01
  -1.0000000e+00   1.8350770e-01  -6.2873430e-01
  -9.3510830e-01   2.2540430e-01  -3.8889520e-01
  -8.0997550e-01   2.3202700e-01  -4.2624280e-01
  -8.6929380e-01   2.7942690e-01  -3.4663140e-01
  -5.9568510e-01   1.7992900e-01   3.0433580e-01
  -7.0122170e-01   2.0415750e-01   1.3635070e-01
  -6.3950970e-01   2.3225680e-01   2.1950720e-01
  -4.7953700e-01   1.6609500e-01   8.3247250e-02
  -5.8273980e-01   2.5930610e-01  -1.6174470e-01
  -5.1730500e-01   2.8581510e-01   4.5153560e-02
  -4.7991650e-01   2.3432310e-01   1.1274400e-01
  -3.5885980e-01   1.7198970e-01   2.4220690e-01
  -4.2047370e-01   1.9334390e-01   2.7290740e-01
  -3.5930320e-01   2.4065090e-01   2.7170370e-01
  -3.1847940e-01   2.9402240e-01   1.9563730e-01
  -2.4805880e-01   2.7056950e-01   2.5028620e-01
   4.3866100e-01   1.8804450e-01   6.8971680e-02
   3.0926700e-01   2.1346290e-01   2.4694330e-01
   3.8526700e-01   2.3550630e-01   2.8540230e-01
   5.6657300e-01   1.8466600e-01   3.4868050e-01
   4.5173530e-01   2.6456980e-01   6.7826860e-02
   5.3787630e-01   2.7806020e-01  -1.1361860e-01
   5.9945020e-01   2.4573970e-01   3.8366560e-01
   6.7230670e-01   2.0436350e-01   2.5599020e-01
   9.3325360e-01   2.2408310e-01  -3.4387410e-01
   7.9134510e-01   2.2598760e-01  -3.8146710e-01
   8.6227890e-01   2.6269940e-01  -3.4269720e-01
   9.2900770e-01   2.9116540e-01  -2.5762140e-01
   1.0000000e+00   3.2362810e-01  -1.4035760e-01
  -1.0000000e+00   2.9742160e-01  -2.0415050e-01
  -9.3417030e-01   2.9624070e-01  -2.9592730e-01
  -6.8810900e-01   2.8360470e-01  -3.2972980e-01
  -8.0903670e-01   3.0288880e-01  -3.3327490e-01
  -7.4244570e-01   3.2948160e-01  -2.6309750e-01
  -5.6100840e-01   3.3816380e-01  -3.9675000e-02
  -6.8081900e-01   3.5749880e-01  -1.7994090e-01
  -6.0876030e-01   3.8352930e-01  -1.3449350e-01
  -4.5814970e-01   3.1317700e-01   2.3481370e-01
  -4.1728060e-01   3.6656510e-01   1.5874720e-01
  -5.4329100e-01   4.1006560e-01   7.2404700e-02
  -4.6093710e-01   4.2467440e-01   7.1184600e-02
  -3.7989560e-01   3.1503970e-01   2.2633770e-01
  -2.6886280e-01   3.4516810e-01   2.0492020e-01
  -3.8270420e-01   4.2653720e-01   6.2708610e-02
  -2.9900690e-01   4.1829990e-01   2.3807390e-01
  -2.2879340e-01   3.9503560e-01   2.9272290e-01
  -1.5661270e-01   3.7857570e-01   2.1634950e-01
   3.2254150e-01   2.9039340e-01   2.4579850e-01
   1.9369460e-01   3.3252800e-01   2.0959840e-01
   2.6935410e-01   3.4502350e-01   2.5179150e-01
   4.8447200e-01   3.2563750e-01   1.0281200e-01
   3.4507330e-01   3.6674770e-01   2.9025050e-01
   4.2427210e-01   3.7920690e-01   1.4689610e-01
   6.4341930e-01   2.9781590e-01  -2.0630890e-01
   5.1045720e-01   3.9270700e-01  -3.4549350e-02
   5.8360310e-01   4.1532970e-01  -4.2859450e-02
   6.4418600e-01   3.6485720e-01  -9.1885220e-02
   7.8709820e-01   2.9309760e-01  -2.9521440e-01
   7.1693370e-01   3.2354510e-01  -2.1956060e-01
   9.2900200e-01   3.6220350e-01  -1.3918070e-01
   7.8787410e-01   3.6019050e-01  -1.8079070e-01
   8.6200570e-01   3.9851120e-01  -1.7439310e-01
   9.3298290e-01   4.3091030e-01  -5.7129310e-02
   1.0000000e+00   4.6712370e-01  -8.7427970e-03
  -9.3416470e-01   3.5139160e-01  -1.6188670e-01
  -1.0000000e+00   4.0709830e-01  -4.7382080e-02
  -8.0176510e-01   3.7682230e-01  -1.8348610e-01
  -9.3416300e-01   4.0596240e-01  -1.3915880e-01
  -8.6419080e-01   4.1922390e-01  -1.7748950e-01
  -6.6310530e-01   4.2942240e-01  -6.7861250e-02
  -7.9759080e-01   4.4578060e-01  -1.0731210e-01
  -7.2470410e-01   4.7059370e-01  -1.0058320e-01
  -5.0868990e-01   4.7005680e-01  -2.3633910e-02
  -6.5264070e-01   4.9659780e-01  -5.5135770e-02
  -5.7758430e-01   5.1796690e-01  -3.2511220e-02
  -3.4264880e-01   4.7645140e-01   1.5051130e-01
  -4.9523460e-01   5.3256710e-01  -3.3731320e-02
  -4.3397590e-01   5.5132500e-01  -3.1565450e-02
  -3.7003370e-01   5.4038160e-01  -5.7125250e-02
  -1.8702570e-01   4.5180400e-01   2.4950320e-01
  -2.8633390e-01   5.3218230e-01   1.1824010e-01
  -2.1669520e-01   5.2755570e-01   1.7974950e-01
  -1.4489870e-01   5.1091680e-01   1.0337600e-01
  -8.0929860e-02   4.9580600e-01   6.4889090e-01
   2.1649160e-01   4.0905380e-01   2.5405040e-01
   9.9046210e-02   4.6565200e-01   5.4687980e-01
   1.7209760e-01   4.7280900e-01   9.4138750e-02
   3.7106310e-01   4.3385920e-01   1.5288920e-01
   2.4739490e-01   4.8532790e-01   1.3633190e-01
   3.2148490e-01   4.9411050e-01   1.8477700e-01
   5.2339230e-01   4.6893020e-01   1.2247100e-03
   4.0067030e-01   5.0654540e-01   4.1422630e-02
   4.7550930e-01   5.1939630e-01  -1.3480620e-02
   6.5712510e-01   4.4110050e-01  -5.6111160e-02
   5.4865790e-01   5.4203760e-01  -2.1790720e-02
   6.6430320e-01   5.0766800e-01  -4.2737740e-02
   6.3118700e-01   5.7439610e-01  -3.0128420e-02
   7.9183640e-01   4.2890960e-01  -9.8739300e-02
   7.2487730e-01   4.5720630e-01  -9.1763510e-02
   9.3298020e-01   5.0342000e-01  -4.3955150e-02
   7.9902250e-01   4.9549480e-01  -8.5365870e-02
   8.5544990e-01   5.4502800e-01  -6.5392750e-02
   9.2245890e-01   5.8120910e-01  -1.7006230e-02
   1.0000000e+00   6.3580710e-01  -5.5257550e-03
  -9.3000490e-01   4.7489720e-01  -6.2984890e-02
  -1.0000000e+00   5.2188900e-01  -1.8152580e-02
  -7.8713840e-01   5.1296070e-01  -9.4586650e-02
  -9.3000260e-01   5.3515240e-01  -5.6483240e-02
  -8.4876180e-01   5.6253710e-01  -7.5637400e-02
  -6.3919610e-01   5.5912370e-01  -6.5233180e-02
  -7.7586730e-01   5.8732490e-01  -6.8908480e-02
  -6.9461680e-01   6.1323770e-01  -7.0123330e-02
  -5.0287380e-01   5.9924110e-01  -4.0442760e-02
  -6.1955900e-01   6.3458610e-01  -4.7498770e-02
  -5.4417020e-01   6.5659680e-01  -5.5216950e-02
  -3.7765320e-01   6.0705490e-01  -6.3836690e-02
  -4.8290360e-01   6.7534800e-01  -5.3051070e-02
  -4.1174740e-01   6.8015220e-01  -9.6909170e-02
  -2.4408190e-01   5.9150460e-01  -2.7887080e-02
  -3.4778240e-01   6.6921040e-01  -1.2246900e-01
  -2.8108910e-01   6.6120540e-01  -1.7262030e-01
  -1.1142600e-01   5.7241880e-01   5.7913720e-01
  -2.1144880e-01   6.5660350e-01  -1.1111090e-01
  -1.4517440e-01   6.5312630e-01  -2.5778020e-01
  -8.2158740e-02   6.3864960e-01   2.8773470e-01
   1.3074920e-01   5.4264980e-01   4.2916120e-01
   9.4811120e-02   6.1335110e-01   4.9738680e-01
   2.7699950e-01   5.5801690e-01   2.4865330e-02
   1.6702150e-01   6.1976980e-01   4.4645790e-02
   2.3346460e-01   6.2522720e-01  -1.4586110e-01
   4.2592580e-01   5.7965450e-01   1.8407200e-02
   3.0752420e-01   6.3403660e-01  -9.7415960e-02
   3.7438110e-01   6.4132210e-01  -2.8764300e-02
   4.4923830e-01   6.5416980e-01  -8.3667550e-02
   5.1599330e-01   6.6016290e-01  -5.0973220e-02
   5.8330450e-01   6.2485790e-01  -4.4833750e-02
   6.9895280e-01   5.9050680e-01  -6.5780770e-02
   7.8848470e-01   5.7329800e-01  -5.8416960e-02
  -9.1874780e-01   6.0950440e-01  -3.0805080e-02
  -1.0000000e+00   6.6885060e-01  -1.7038760e-02
  -7.5625030e-01   6.6279230e-01  -5.1174080e-02
  -9.1874480e-01   6.9623460e-01  -3.6192910e-02
  -8.2281570e-01   7.2685610e-01  -4.2305040e-02
  -5.9960790e-01   7.1069820e-01  -6.0107090e-02
  -7.4155930e-01   7.5274910e-01  -4.3519890e-02
  -6.4816440e-01   7.6803680e-01  -4.3829750e-02
  -4.5305470e-01   7.3749360e-01  -1.1168340e-01
  -5.7277720e-01   7.9002620e-01  -5.1547920e-02
  -4.9474080e-01   8.0013520e-01  -6.6860120e-02
  -3.1516730e-01   7.3428910e-01  -2.0569280e-01
  -4.2357740e-01   8.0492180e-01  -1.1071820e-01
  -3.5080700e-01   8.0448590e-01  -1.4721130e-01
  -1.8210940e-01   7.2286950e-01  -4.0251340e-01
  -2.8405740e-01   7.9648640e-01  -1.9736260e-01
  -2.1537180e-01   7.9332120e-01  -6.5375570e-01
  -1.4904480e-01   7.8991470e-01  -8.0042500e-01
  -8.2110690e-02   7.8467030e-01  -9.4743750e-01
   1.9744640e-01   6.9585350e-01  -7.7635500e-02
   1.0049580e-01   7.6442600e-01  -7.0914500e-01
   1.6393380e-01   7.6850500e-01  -3.4494090e-01
   3.3081460e-01   7.0854470e-01  -1.9949070e-01
   2.3049240e-01   7.7388860e-01  -5.3544780e-01
   2.9714420e-01   7.7740160e-01  -2.5638370e-01
   4.6446270e-01   7.2181830e-01  -9.8144720e-02
   3.6404600e-01   7.8467970e-01  -1.8773210e-01
   4.3494170e-01   7.8861480e-01  -1.1519690e-01
   5.9854070e-01   6.9252290e-01  -5.9310920e-02
   5.0171860e-01   7.9462080e-01  -8.2502530e-02
   5.8233590e-01   7.8210410e-01  -5.3655630e-02
   7.3797770e-01   7.2930390e-01  -4.1740180e-02
   7.5538600e-01   6.4001630e-01  -4.5807640e-02
   6.4963960e-01   7.4681610e-01  -4.7516160e-02
   8.2752290e-01   7.1211360e-01  -3.4376370e-02
   7.2179230e-01   8.1889600e-01  -3.6084890e-02
   7.8142190e-01   9.0069830e-01  -2.3406950e-02
   9.0506370e-01   7.6669660e-01  -2.2895890e-02
   9.0506250e-01   9.0069710e-01  -3.0205690e-02
   9.2245540e-01   6.7741430e-01  -2.6963360e-02
  -9.0406730e-01   7.8618890e-01  -2.8538720e-02
  -1.0000000e+00   8.7778580e-01  -2.8627670e-02
  -7.1474470e-01   8.3208720e-01  -3.4960720e-02
  -9.0406630e-01   9.0840460e-01  -3.4739800e-02
  -7.7907810e-01   9.0840540e-01  -2.7226850e-02
  -5.4332090e-01   8.5746650e-01  -5.0582790e-02
  -6.8568870e-01   9.2367780e-01  -2.7536720e-02
  -5.9765020e-01   9.2368100e-01  -1.4192150e-02
  -3.9252730e-01   8.6711890e-01  -1.0238800e-01
  -5.1963190e-01   9.3377230e-01  -2.9504350e-02
  -4.6068050e-01   9.3377440e-01   5.3822130e-03
  -4.0568000e-01   9.3378170e-01  -1.0043800e-01
  -2.5104120e-01   8.6347160e-01  -5.9527420e-01
  -3.3293440e-01   9.3332250e-01  -1.3693100e-01
  -2.7384780e-01   9.3331090e-01  -3.0152940e-02
  -1.1558620e-01   8.5535400e-01  -1.1986800e+00
  -2.0515840e-01   9.3009990e-01  -4.8654610e-01
  -1.4534630e-01   9.3012440e-01  -1.0653060e+00
   1.0717840e-02   8.4405360e-01  -1.4384270e+00
  -7.8680840e-02   9.2502690e-01  -1.2123180e+00
  -2.0135530e-02   9.2491320e-01  -1.2156530e+00
   1.3370160e-01   8.4245310e-01  -1.1669570e+00
   3.9626030e-02   9.1891060e-01  -1.3083870e+00
   9.6254900e-02   9.1919870e-01  -9.8645930e-01
   2.6375220e-01   8.4999980e-01  -5.2368910e-01
   1.5964340e-01   9.2320380e-01  -6.2225520e-01
   2.1676680e-01   9.2320780e-01  -5.7794720e-01
   4.0133160e-01   8.5746840e-01  -1.7208990e-01
   2.8341490e-01   9.2674650e-01  -2.9888320e-01
   3.3914790e-01   9.2674760e-01  -1.8373500e-01
   3.9358450e-01   9.2674510e-01  -1.3048650e-01
   5.5284170e-01   8.4890670e-01  -7.0707770e-02
   4.6446700e-01   9.3069970e-01  -5.7951290e-02
   5.2409880e-01   9.3069630e-01  -4.5996360e-02
   6.9308770e-01   9.1819350e-01  -2.9182930e-02
   6.0470060e-01   9.1819690e-01  -1.7149460e-02
   6.6434440e-01   1.0000000e+00  -4.4715180e-03
   8.7636060e-01   1.0000000e+00  -2.3303730e-02
   1.0000000e+00   8.6600050e-01  -2.2792670e-02
  -8.7501190e-01   1.0000000e+00  -2.7315800e-02
  -6.6199380e-01   1.0000000e+00  -6.4582790e-03
  -5.1502910e-01   1.0000000e+00   4.1772850e-02
  -4.0111180e-01   1.0000000e+00  -2.9160770e-02
  -2.8708640e-01   1.0000000e+00  -2.8202880e-02
  -1.6822770e-01   1.0000000e+00  -5.0018470e-01
  -4.9733360e-02   1.0000000e+00  -1.0822790e+00
   6.5635940e-02   1.0000000e+00  -7.6368500e-01
   1.7942000e-01   1.0000000e+00  -3.9744920e-01
   2.9221420e-01   1.0000000e+00  -2.3799300e-01
   4.0232510e-01   1.0000000e+00  -6.9596380e-02
   5.1635140e-01   1.0000000e+00  -4.3929800e-03
