-5.050290e-01 
-5.068126e-01 
-5.039578e-01 
-5.060524e-01 
-4.525148e-01 
-4.515852e-01 
-4.495634e-01 
-4.496152e-01 
-4.621421e-01 
-4.561936e-01 
-4.720287e-01 
-4.720314e-01 
-4.682456e-01 
-4.594980e-01 
-4.518906e-01 
-4.484909e-01 
-4.492988e-01 
-4.512778e-01 
-4.522007e-01 
-4.522287e-01 
-4.543157e-01 
-4.644818e-01 
-4.704260e-01 
-4.715080e-01 
-4.706184e-01 
-4.757172e-01 
-4.605838e-01 
-4.533180e-01 
-4.510059e-01 
-4.502740e-01 
-4.533093e-01 
-4.533109e-01 
-4.539052e-01 
-4.603958e-01 
-4.722641e-01 
-4.880416e-01 
-4.885105e-01 
-4.648575e-01 
-4.601769e-01 
-4.502333e-01 
-4.523742e-01 
-4.501046e-01 
-4.513778e-01 
-4.539505e-01 
-4.542409e-01 
-4.507966e-01 
-4.525821e-01 
-4.508538e-01 
-4.970368e-01 
-5.026910e-01 
-5.022971e-01 
-4.965084e-01 
-4.487143e-01 
-4.540987e-01 
-4.494509e-01 
-4.511968e-01 
-4.510737e-01 
-4.490033e-01 
-4.534823e-01 
-4.562022e-01 
-4.558015e-01 
-4.636150e-01 
-4.474083e-01 
-4.324193e-01 
-4.606719e-01 
-5.092045e-01 
-5.033770e-01 
-4.536258e-01 
-4.545967e-01 
-4.472914e-01 
-4.530182e-01 
-4.539096e-01 
-4.483090e-01 
-4.587731e-01 
-4.654338e-01 
-4.621683e-01 
-4.545681e-01 
-4.539433e-01 
-3.611278e-01 
-3.854283e-01 
-4.002835e-01 
-3.483234e-01 
-4.551108e-01 
-4.485564e-01 
-4.600816e-01 
-4.642964e-01 
-4.558331e-01 
-4.511826e-01 
-4.690367e-01 
-4.655866e-01 
-4.954843e-01 
-4.412438e-01 
-3.999058e-01 
-3.803135e-01 
-5.104714e-01 
-4.965994e-01 
-4.720504e-01 
-4.710265e-01 
-4.579326e-01 
-4.701304e-01 
-4.712243e-01 
-4.893995e-01 
-4.992152e-01 
-5.026603e-01 
-5.031473e-01 
-4.911921e-01 
-4.757588e-01 
-4.720566e-01 
-4.713322e-01 
-4.704298e-01 
-4.800813e-01 
-4.975237e-01 
-5.085956e-01 
-4.842772e-01 
-4.723305e-01 
-4.700961e-01 
-4.692209e-01 
-4.749436e-01 
-4.986350e-01 
-4.863421e-01 
-5.130654e-01 
-3.611964e-01 
-4.675886e-01 
-4.873384e-01 
-4.949243e-01 
-4.735207e-01 
-4.640882e-01 
-4.644757e-01 
-4.652721e-01 
-4.450180e-01 
-4.453027e-01 
-4.277713e-01 
-3.591324e-01 
-4.114540e-01 
-3.471286e-01 
-3.789058e-01 
-4.539463e-01 
-4.648916e-01 
-4.615322e-01 
-4.528291e-01 
-4.549340e-01 
-4.580442e-01 
-4.572034e-01 
-4.472037e-01 
-4.552426e-01 
-4.550783e-01 
-4.997273e-01 
-4.919864e-01 
-4.079305e-01 
-4.555835e-01 
-4.485990e-01 
-4.581914e-01 
-4.541157e-01 
-4.485049e-01 
-4.490059e-01 
-4.520921e-01 
-4.512869e-01 
-4.486013e-01 
-4.510959e-01 
-4.474031e-01 
-4.936766e-01 
-4.991606e-01 
-4.963032e-01 
-4.905803e-01 
-4.499447e-01 
-4.475643e-01 
-4.530086e-01 
-4.475068e-01 
-4.501389e-01 
-4.507806e-01 
-4.527670e-01 
-4.603062e-01 
-4.716524e-01 
-4.882290e-01 
-4.951542e-01 
-4.577567e-01 
-4.583133e-01 
-4.524315e-01 
-4.519843e-01 
-4.502497e-01 
-4.509541e-01 
-4.489635e-01 
-4.495726e-01 
-4.507246e-01 
-4.537083e-01 
-4.645665e-01 
-4.705877e-01 
-4.709308e-01 
-4.691453e-01 
-4.744942e-01 
-4.620605e-01 
-4.533727e-01 
-4.509016e-01 
-4.496029e-01 
-4.492078e-01 
-4.497211e-01 
-4.485049e-01 
-4.481804e-01 
-4.505340e-01 
-4.580689e-01 
-4.552257e-01 
-4.702779e-01 
-4.722003e-01 
-4.714800e-01 
-4.645094e-01 
-4.558791e-01 
-4.498830e-01 
-4.487014e-01 
-4.503288e-01 
-4.881266e-01 
-4.972143e-01 
-5.021221e-01 
-4.925552e-01 
-5.012764e-01 
-5.018320e-01 
-5.049800e-01 
-4.990024e-01 
-4.912857e-01 
-5.077041e-01 
-4.955449e-01 
-5.008684e-01 
-5.015592e-01 
-5.001305e-01 
-4.960934e-01 
-4.995560e-01 
-4.874443e-01 
-4.865515e-01 
-4.887802e-01 
-4.970470e-01 
-4.972815e-01 
-5.043717e-01 
-5.041748e-01 
-4.520500e-01 
-4.518963e-01 
-4.523578e-01 
-4.505743e-01 
-4.518930e-01 
-4.519069e-01 
-4.495893e-01 
-4.508961e-01 
-4.519396e-01 
-4.558787e-01 
-4.519654e-01 
-4.570485e-01 
-4.591679e-01 
-4.633120e-01 
-4.641112e-01 
-4.603377e-01 
-4.633098e-01 
-4.720300e-01 
-4.712273e-01 
-4.717684e-01 
-4.701385e-01 
-4.717697e-01 
-4.713249e-01 
-4.638718e-01 
-4.694320e-01 
-4.719814e-01 
-4.556943e-01 
-4.676076e-01 
-4.600409e-01 
-4.501907e-01 
-4.562372e-01 
-4.526043e-01 
-4.488948e-01 
-4.509045e-01 
-4.497484e-01 
-4.501523e-01 
-4.497864e-01 
-4.497017e-01 
-4.517393e-01 
-4.513278e-01 
-4.526142e-01 
-4.522147e-01 
-4.527550e-01 
-4.530756e-01 
-4.532722e-01 
-4.527690e-01 
-4.527698e-01 
-4.530669e-01 
-4.593987e-01 
-4.541104e-01 
-4.573558e-01 
-4.674539e-01 
-4.624388e-01 
-4.683729e-01 
-4.709670e-01 
-4.713450e-01 
-4.792338e-01 
-4.710632e-01 
-4.797748e-01 
-4.800093e-01 
-4.731678e-01 
-4.795645e-01 
-4.681505e-01 
-4.821139e-01 
-4.702873e-01 
-4.569509e-01 
-4.627206e-01 
-4.603804e-01 
-4.521620e-01 
-4.567475e-01 
-4.528461e-01 
-4.516900e-01 
-4.505553e-01 
-4.511014e-01 
-4.501893e-01 
-4.496387e-01 
-4.533101e-01 
-4.536299e-01 
-4.537751e-01 
-4.536080e-01 
-4.537759e-01 
-4.520538e-01 
-4.571505e-01 
-4.523509e-01 
-4.532436e-01 
-4.663300e-01 
-4.564889e-01 
-4.556248e-01 
-4.801528e-01 
-4.615589e-01 
-4.846504e-01 
-4.925392e-01 
-4.953663e-01 
-4.766840e-01 
-4.954038e-01 
-4.925095e-01 
-4.625172e-01 
-4.806829e-01 
-4.567859e-01 
-4.552051e-01 
-4.562756e-01 
-4.544456e-01 
-4.513037e-01 
-4.494738e-01 
-4.521660e-01 
-4.498421e-01 
-4.509125e-01 
-4.517855e-01 
-4.506507e-01 
-4.505892e-01 
-4.495540e-01 
-4.526641e-01 
-4.524301e-01 
-4.537900e-01 
-4.540957e-01 
-4.550763e-01 
-4.548760e-01 
-4.525188e-01 
-4.550212e-01 
-4.589280e-01 
-4.516894e-01 
-4.572058e-01 
-4.491025e-01 
-4.517179e-01 
-4.499952e-01 
-4.425007e-01 
-4.739453e-01 
-4.416365e-01 
-4.557628e-01 
-4.998639e-01 
-4.788543e-01 
-5.031207e-01 
-5.059478e-01 
-4.994028e-01 
-5.028370e-01 
-4.726113e-01 
-4.999427e-01 
-4.750671e-01 
-4.514065e-01 
-4.511700e-01 
-4.517748e-01 
-4.538622e-01 
-4.543477e-01 
-4.506951e-01 
-4.012111e-01 
-4.503238e-01 
-4.483711e-01 
-4.512345e-01 
-4.511352e-01 
-4.521075e-01 
-4.500385e-01 
-4.520459e-01 
-4.524917e-01 
-4.496913e-01 
-4.486562e-01 
-4.548423e-01 
-4.561277e-01 
-4.560019e-01 
-4.574877e-01 
-4.608180e-01 
-4.591853e-01 
-4.597083e-01 
-4.589849e-01 
-4.555117e-01 
-4.628917e-01 
-4.590915e-01 
-4.587792e-01 
-4.399138e-01 
-4.506758e-01 
-4.465456e-01 
-4.431813e-01 
-3.967735e-01 
-4.849382e-01 
-4.108998e-01 
-4.230501e-01 
-4.473164e-01 
-4.785014e-01 
-4.518303e-01 
-4.269547e-01 
-4.009746e-01 
-4.509441e-01 
-4.014601e-01 
-4.548537e-01 
-4.515766e-01 
-4.501548e-01 
-4.479239e-01 
-4.536865e-01 
-4.534639e-01 
-4.565499e-01 
-4.511093e-01 
-4.569956e-01 
-4.591030e-01 
-4.548714e-01 
-4.520711e-01 
-4.621034e-01 
-4.549779e-01 
-4.638010e-01 
-4.583082e-01 
-4.672352e-01 
-4.655102e-01 
-4.583682e-01 
-4.638775e-01 
-4.542557e-01 
-4.600773e-01 
-4.750262e-01 
-4.479059e-01 
-4.075356e-01 
-4.475936e-01 
-3.732780e-01 
-4.011858e-01 
-3.805168e-01 
-3.926670e-01 
-3.743035e-01 
-3.902985e-01 
-4.017171e-01 
-3.643185e-01 
-4.518336e-01 
-4.177121e-01 
-4.827911e-01 
-4.758551e-01 
-4.543190e-01 
-4.725779e-01 
-4.603034e-01 
-4.621890e-01 
-4.660660e-01 
-4.600648e-01 
-4.681734e-01 
-4.676614e-01 
-4.611145e-01 
-4.568829e-01 
-4.601097e-01 
-4.606565e-01 
-4.673117e-01 
-4.695836e-01 
-4.701305e-01 
-4.792181e-01 
-4.805355e-01 
-4.774931e-01 
-4.683641e-01 
-4.924419e-01 
-4.973498e-01 
-4.990723e-01 
-4.205748e-01 
-4.719521e-01 
-4.512830e-01 
-4.453925e-01 
-5.035354e-01 
-5.068094e-01 
-4.843249e-01 
-4.998734e-01 
-4.938958e-01 
-4.715384e-01 
-4.816212e-01 
-4.644796e-01 
-4.811093e-01 
-4.733926e-01 
-4.715415e-01 
-4.649946e-01 
-4.706773e-01 
-4.707313e-01 
-4.803119e-01 
-4.712782e-01 
-4.708270e-01 
-4.756528e-01 
-4.943074e-01 
-5.009377e-01 
-4.971697e-01 
-4.834754e-01 
-4.739077e-01 
-4.800180e-01 
-4.740446e-01 
-4.721935e-01 
-4.710763e-01 
-4.708810e-01 
-4.702766e-01 
-4.752555e-01 
-4.698254e-01 
-4.726867e-01 
-4.775125e-01 
-4.893582e-01 
-4.726767e-01 
-4.980794e-01 
-4.919329e-01 
-5.052946e-01 
-4.880921e-01 
-4.979670e-01 
-5.017599e-01 
-4.783038e-01 
-4.896007e-01 
-4.788990e-01 
-4.745844e-01 
-4.712133e-01 
-4.729256e-01 
-4.718084e-01 
-4.670922e-01 
-4.720823e-01 
-4.668483e-01 
-4.697097e-01 
-4.701079e-01 
-4.664939e-01 
-4.924886e-01 
-4.819536e-01 
-4.718265e-01 
-4.997038e-01 
-4.656800e-01 
-4.658224e-01 
-4.570567e-01 
-4.371309e-01 
-4.704184e-01 
-3.944838e-01 
-3.601644e-01 
-3.863252e-01 
-4.774635e-01 
-4.073586e-01 
-4.232472e-01 
-4.911313e-01 
-4.331221e-01 
-4.706424e-01 
-4.744353e-01 
-4.799079e-01 
-4.688045e-01 
-4.692062e-01 
-4.675265e-01 
-4.628102e-01 
-4.584587e-01 
-4.597049e-01 
-4.612600e-01 
-4.551450e-01 
-4.616582e-01 
-4.612377e-01 
-4.451603e-01 
-4.511107e-01 
-4.461108e-01 
-4.365370e-01 
-4.022176e-01 
-4.462532e-01 
-4.502727e-01 
-3.934519e-01 
-3.852932e-01 
-4.071875e-01 
-4.071054e-01 
-4.332661e-01 
-4.555906e-01 
-3.630172e-01 
-4.195575e-01 
-3.775295e-01 
-4.164260e-01 
-3.934181e-01 
-4.172446e-01 
-4.594190e-01 
-4.547649e-01 
-4.512726e-01 
-4.560689e-01 
-4.632119e-01 
-4.615415e-01 
-4.571807e-01 
-4.598618e-01 
-4.578239e-01 
-4.534724e-01 
-4.506670e-01 
-4.564891e-01 
-4.519700e-01 
-4.576238e-01 
-4.535250e-01 
-4.550682e-01 
-4.522035e-01 
-4.546478e-01 
-4.542451e-01 
-4.512231e-01 
-4.492453e-01 
-4.479025e-01 
-4.551605e-01 
-4.519219e-01 
-4.531693e-01 
-4.513228e-01 
-4.774028e-01 
-4.512407e-01 
-4.743775e-01 
-4.967019e-01 
-4.994439e-01 
-4.499584e-01 
-4.941448e-01 
-4.912833e-01 
-4.317570e-01 
-4.492554e-01 
-4.289376e-01 
-4.520912e-01 
-4.527641e-01 
-4.515739e-01 
-4.533952e-01 
-4.480816e-01 
-4.508038e-01 
-4.502916e-01 
-4.561536e-01 
-4.556000e-01 
-4.513103e-01 
-4.535621e-01 
-4.525349e-01 
-4.497295e-01 
-4.488563e-01 
-4.505490e-01 
-4.482563e-01 
-4.516895e-01 
-4.497994e-01 
-4.511155e-01 
-4.499441e-01 
-4.507129e-01 
-4.510337e-01 
-4.498486e-01 
-4.496909e-01 
-4.506842e-01 
-4.492495e-01 
-4.519315e-01 
-4.557010e-01 
-4.705398e-01 
-4.538546e-01 
-4.595277e-01 
-4.964186e-01 
-4.826645e-01 
-4.909528e-01 
-4.936948e-01 
-4.934417e-01 
-4.957287e-01 
-4.702625e-01 
-4.928672e-01 
-4.741685e-01 
-4.487545e-01 
-4.538507e-01 
-4.541290e-01 
-4.529388e-01 
-4.499979e-01 
-4.497743e-01 
-4.524965e-01 
-4.519814e-01 
-4.488228e-01 
-4.482351e-01 
-4.504597e-01 
-4.495512e-01 
-4.498557e-01 
-4.517738e-01 
-4.501766e-01 
-4.507526e-01 
-4.565366e-01 
-4.517458e-01 
-4.532377e-01 
-4.659793e-01 
-4.570072e-01 
-4.624363e-01 
-4.799407e-01 
-4.681094e-01 
-4.711200e-01 
-4.794083e-01 
-4.795799e-01 
-4.764554e-01 
-4.821497e-01 
-4.848242e-01 
-4.580350e-01 
-4.661254e-01 
-4.599086e-01 
-4.553724e-01 
-4.601869e-01 
-4.558430e-01 
-4.522079e-01 
-4.529021e-01 
-4.516665e-01 
-4.511170e-01 
-4.514692e-01 
-4.514429e-01 
-4.506019e-01 
-4.505756e-01 
-4.499263e-01 
-4.497287e-01 
-4.502892e-01 
-4.500810e-01 
-4.492681e-01 
-4.493423e-01 
-4.501486e-01 
-4.496468e-01 
-4.490388e-01 
-4.522165e-01 
-4.496148e-01 
-4.494525e-01 
-4.591374e-01 
-4.509443e-01 
-4.521211e-01 
-4.558886e-01 
-4.675771e-01 
-4.613177e-01 
-4.598961e-01 
-4.707592e-01 
-4.629067e-01 
-4.704328e-01 
-4.700380e-01 
-4.706043e-01 
-4.715655e-01 
-4.718198e-01 
-4.706728e-01 
-4.703126e-01 
-4.682774e-01 
-4.729871e-01 
-4.695018e-01 
-4.577166e-01 
-4.632849e-01 
-4.589698e-01 
-4.559717e-01 
-4.521371e-01 
-4.516278e-01 
-4.510370e-01 
-4.502522e-01 
-4.498015e-01 
-4.491521e-01 
-4.499659e-01 
-4.497683e-01 
-4.491130e-01 
-4.483426e-01 
-4.493572e-01 
-4.543014e-01 
-4.566473e-01 
-4.627518e-01 
-4.712391e-01 
-4.718401e-01 
-4.679947e-01 
-4.601942e-01 
-4.528810e-01 
-4.492922e-01 

